1 00634U 63031A   08212.04664068 -.00000036 +00000-0 +10000-3 0 00561
2 00634 033.6392 029.9300 0004556 061.2368 298.8483 01.00272840164872
1 00858U 64047A   08215.44175918  .00000084  00000-0  10000-3 0   635
2 00858 007.0569 301.1539 0001057 296.9601 063.1666 01.00210316123310
1 01317U 65028A   08217.40368529  .00000118  00000-0  10000-3 0  9116
2 01317 006.8778 300.0420 0005934 135.1070 225.0472 01.00266359 61750
1 02608U 66110A   08215.80954264 -.00000079  00000-0  10000-3 0  8725
2 02608 008.4816 312.2852 0005850 197.4451 162.6496 01.00401119 69317
1 02639U 67001A   08214.56510191 -.00000080 +00000-0 +10000-3 0 02892
2 02639 009.8271 319.8226 0015842 216.2169 143.7854 01.00258986053815
1 02717U 67026A   08191.82120567 -.00000289  00000-0  10000-3 0  7620
2 02717 008.9177 317.9427 0025570 212.3191 147.5843 01.00386451 54551
1 02969U 67094A   08214.17238191 -.00000301 +00000-0 +10000-3 0 07121
2 02969 009.2413 316.1308 0018031 172.0544 188.0964 01.00341180051331
1 03029U 67111A   08216.31434296 -.00000109 +00000-0 +10000-3 0 03729
2 03029 009.9230 319.8917 0013667 035.6016 324.5802 01.00272349149197
1 03431U 68081D   08217.41389333  .00000045  00000-0  10000-3 0  5580
2 03431 010.3555 332.3043 0010502 250.7862 109.1723 01.00207400 55566
1 03692U 69013B   08214.94107580  .00000131  00000-0  10000-3 0   381
2 03692 009.9094 322.3600 0019761 167.7759 192.3772 01.00428934 48559
1 04068U 69069A   08215.73874583 -.00000281  00000-0  10000-3 0  7689
2 04068 012.1316 331.7574 0004382 217.5289 142.5080 00.99491171 69977
1 04250U 69101A   08216.34175481 -.00000131  00000-0  10000-3 0   113
2 04250 011.5706 331.7849 0023916 146.7395 213.4831 01.00274202 69076
1 04297U 70003A   08208.68064608 -.00000303  00000-0  10000-3 0  7380
2 04297 011.5182 328.0342 0011462 283.3578 076.5852 00.99159886112321
1 04353U 70021A   08215.37050699 -.00000097 +00000-0 +10000-3 0 05537
2 04353 011.8106 335.5977 0001937 205.4582 154.6043 01.00278899060439
1 04902U 71009A   08215.36154143 -.00000122 +00000-0 +10000-3 0 03720
2 04902 012.8290 336.2227 0002022 010.5690 349.4972 01.00273478053188