  Ls     .3    1.0    3.0    Avg
   0  -2.70  -3.22  -3.23  -3.05
  30  -2.80  -2.64  -3.33  -2.92
  60  -2.79  -2.71  -3.18  -2.89
  90  -2.87  -2.75  -3.85  -3.15
 120  -3.24  -2.56  -3.58  -3.12
 150  -3.04  -2.65  -3.39  -3.03
 180  -2.69  -2.47  -2.88  -2.68
 210  -2.53  -2.61  -2.79  -2.64
 240  -2.21  -2.65  -5.18  -3.35
 270  -2.14  -5.13  -5.13  -4.13
 300  -2.39  -4.40  -5.48  -4.09
 330  -2.54  -3.19  -3.64  -3.12
 360  -2.70  -3.22  -3.23  -3.05
  Ls     y1     y2     Av
   0  -1.22  -1.25  -1.24
  30  -1.22   -.38   -.80
  60  -1.41  -1.78  -1.60
  90  -1.55  -1.57  -1.56
 120  -1.54  -1.46  -1.50
 150  -1.65  -1.51  -1.58
 180  -1.43  -1.25  -1.34
 210  -1.09   2.29    .60
 240    .49   1.27    .88
 270   -.26   -.08   -.17
 300  -1.06   -.80   -.93
 330  -1.12  -1.08  -1.10
 360  -1.22  -1.25  -1.24
