   .3  30 -87.5 102.93    .27 16.1    .00 12.0
   .3  30 -82.5 103.34    .51 16.4    .05 12.0
   .3  30 -77.5 104.52    .95 16.9    .11 12.0
   .3  30 -72.5 106.37   1.33 17.1    .10 11.6
   .3  30 -67.5 108.70   1.64 17.3    .12 22.8
   .3  30 -62.5 111.02   1.88 17.3    .25 22.2
   .3  30 -57.5 113.03   2.07 17.4    .45 22.0
   .3  30 -52.5 114.61   2.20 17.4    .68 21.9
   .3  30 -47.5 115.81   2.26 17.4    .86 21.8
   .3  30 -42.5 116.69   2.22 17.3    .96 21.7
   .3  30 -37.5 117.32   2.09 17.1    .92 21.6
   .3  30 -32.5 117.80   1.86 16.9    .75 21.6
   .3  30 -27.5 118.17   1.59 16.7    .52 21.9
   .3  30 -22.5 118.46   1.32 16.5    .35 22.9
   .3  30 -17.5 118.69   1.12 16.5    .37 12.1
   .3  30 -12.5 118.85    .99 16.5    .50 12.6
   .3  30  -7.5 118.92    .96 16.3    .60 12.6
   .3  30  -2.5 118.87   1.00 16.1    .64 12.4
   .3  30   2.5 118.75   1.11 15.8    .63 12.1
   .3  30   7.5 118.63   1.27 15.6    .60 11.6
   .3  30  12.5 118.60   1.47 15.5    .62 11.0
   .3  30  17.5 118.65   1.69 15.6    .70 22.5
   .3  30  22.5 118.73   1.91 15.8    .82 22.1
   .3  30  27.5 118.84   2.13 16.0    .94 21.9
   .3  30  32.5 118.95   2.32 16.2   1.02 21.9
   .3  30  37.5 119.08   2.47 16.4   1.03 22.0
   .3  30  42.5 119.22   2.56 16.6    .98 22.1
   .3  30  47.5 119.36   2.59 16.6    .88 22.3
   .3  30  52.5 119.49   2.55 16.6    .75 22.5
   .3  30  57.5 119.54   2.44 16.6    .61 22.7
   .3  30  62.5 119.53   2.28 16.5    .48 23.0
   .3  30  67.5 119.48   2.06 16.5    .36 11.2
   .3  30  72.5 119.35   1.76 16.4    .26 11.5
   .3  30  77.5 119.19   1.39 16.3    .18 11.7
   .3  30  82.5 119.09    .96 16.1    .10 12.0
   .3  30  87.5 119.13    .50 16.0    .03 12.1
   .3  60 -87.5 101.66    .22 16.4    .00 14.0
   .3  60 -82.5 101.98    .40 16.7    .06 14.0
   .3  60 -77.5 103.01    .72 17.2    .13 14.3
   .3  60 -72.5 104.54    .99 17.4    .10 15.1
   .3  60 -67.5 106.43   1.25 17.6    .05 16.2
   .3  60 -62.5 108.52   1.48 17.6    .06 19.7
   .3  60 -57.5 110.53   1.66 17.7    .23 23.0
   .3  60 -52.5 112.28   1.78 17.9    .52 11.2
   .3  60 -47.5 113.78   1.84 18.0    .88 11.3
   .3  60 -42.5 114.98   1.84 18.1   1.25 11.3
   .3  60 -37.5 115.93   1.77 18.2   1.57 11.3
   .3  60 -32.5 116.64   1.62 18.1   1.78 11.2
   .3  60 -27.5 117.15   1.42 17.9   1.84 11.2
   .3  60 -22.5 117.51   1.21 17.5   1.76 11.2
   .3  60 -17.5 117.75   1.02 17.1   1.57 11.2
   .3  60 -12.5 117.90    .88 16.6   1.29 11.2
   .3  60  -7.5 117.95    .81 16.2    .99 11.1
   .3  60  -2.5 117.92    .83 15.9    .70 22.9
   .3  60   2.5 117.84    .94 15.7    .48 22.2
   .3  60   7.5 117.78   1.12 15.6    .43 21.1
   .3  60  12.5 117.78   1.36 15.7    .53 20.3
   .3  60  17.5 117.89   1.65 15.9    .66 20.0
   .3  60  22.5 118.08   1.94 16.0    .74 20.1
   .3  60  27.5 118.34   2.21 16.2    .75 20.3
   .3  60  32.5 118.71   2.42 16.4    .70 20.6
   .3  60  37.5 119.19   2.57 16.4    .61 21.0
   .3  60  42.5 119.74   2.64 16.4    .51 21.4
   .3  60  47.5 120.37   2.65 16.4    .41 21.8
   .3  60  52.5 121.04   2.59 16.3    .32 22.3
   .3  60  57.5 121.68   2.47 16.2    .25 22.7
   .3  60  62.5 122.30   2.29 16.1    .18 11.1
   .3  60  67.5 122.87   2.03 15.9    .13 11.4
   .3  60  72.5 123.35   1.71 15.8    .08 11.5
   .3  60  77.5 123.76   1.33 15.7    .04 11.1
   .3  60  82.5 124.05    .90 15.7    .03 22.0
   .3  60  87.5 124.21    .45 15.8    .01 21.4
   .3  90 -87.5 101.62    .15 16.9    .00 15.0
   .3  90 -82.5 101.87    .29 17.1    .04 15.0
   .3  90 -77.5 102.89    .55 17.3    .09 15.4
   .3  90 -72.5 104.43    .79 17.5    .12 16.4
   .3  90 -67.5 106.31   1.05 17.6    .13 17.1
   .3  90 -62.5 108.32   1.29 17.6    .09 17.1
   .3  90 -57.5 110.23   1.49 17.7    .09 14.7
   .3  90 -52.5 111.93   1.61 17.8    .25 12.4
   .3  90 -47.5 113.38   1.65 18.0    .57 12.1
   .3  90 -42.5 114.60   1.62 18.3    .94 12.0
   .3  90 -37.5 115.56   1.53 18.5   1.28 11.8
   .3  90 -32.5 116.28   1.39 18.5   1.52 11.7
   .3  90 -27.5 116.78   1.20 18.4   1.62 11.5
   .3  90 -22.5 117.08   1.00 18.2   1.60 11.3
   .3  90 -17.5 117.23    .83 17.7   1.50 11.1
   .3  90 -12.5 117.30    .72 17.0   1.38 22.8
   .3  90  -7.5 117.31    .70 16.3   1.29 22.5
   .3  90  -2.5 117.26    .76 15.9   1.25 22.2
   .3  90   2.5 117.21    .89 15.8   1.26 21.9
   .3  90   7.5 117.19   1.07 15.8   1.27 21.7
   .3  90  12.5 117.24   1.27 16.0   1.26 21.6
   .3  90  17.5 117.37   1.50 16.2   1.21 21.6
   .3  90  22.5 117.62   1.72 16.4   1.13 21.6
   .3  90  27.5 118.00   1.93 16.5   1.01 21.7
   .3  90  32.5 118.48   2.10 16.5    .88 21.8
   .3  90  37.5 119.06   2.22 16.5    .74 21.9
   .3  90  42.5 119.74   2.31 16.4    .60 22.0
   .3  90  47.5 120.50   2.33 16.3    .47 22.1
   .3  90  52.5 121.29   2.31 16.2    .35 22.3
   .3  90  57.5 122.08   2.22 16.1    .25 22.4
   .3  90  62.5 122.83   2.06 16.0    .17 22.6
   .3  90  67.5 123.52   1.85 15.9    .11 22.7
   .3  90  72.5 124.13   1.57 15.8    .06 22.6
   .3  90  77.5 124.58   1.22 15.7    .04 22.3
   .3  90  82.5 124.90    .83 15.7    .03 21.8
   .3  90  87.5 125.17    .41 15.7    .01 21.6
   .3 120 -87.5 101.33    .21 16.7    .00 14.0
   .3 120 -82.5 101.70    .39 16.9    .05 14.0
   .3 120 -77.5 102.78    .72 17.3    .10 14.4
   .3 120 -72.5 104.48   1.01 17.6    .09 15.3
   .3 120 -67.5 106.64   1.28 17.7    .06 15.9
   .3 120 -62.5 108.96   1.52 17.8    .06 13.5
   .3 120 -57.5 111.10   1.68 18.0    .22 11.2
   .3 120 -52.5 112.92   1.79 18.2    .50 11.3
   .3 120 -47.5 114.47   1.82 18.4    .83 11.3
   .3 120 -42.5 115.72   1.77 18.6   1.16 11.2
   .3 120 -37.5 116.66   1.65 18.7   1.42 11.1
   .3 120 -32.5 117.35   1.47 18.6   1.60 11.0
   .3 120 -27.5 117.82   1.25 18.5   1.66 22.9
   .3 120 -22.5 118.10   1.04 18.3   1.62 22.8
   .3 120 -17.5 118.27    .85 18.0   1.50 22.6
   .3 120 -12.5 118.33    .72 17.6   1.36 22.3
   .3 120  -7.5 118.33    .66 17.1   1.23 22.0
   .3 120  -2.5 118.26    .68 16.8   1.18 21.7
   .3 120   2.5 118.17    .78 16.6   1.19 21.3
   .3 120   7.5 118.13    .94 16.6   1.25 21.1
   .3 120  12.5 118.17   1.17 16.7   1.30 21.0
   .3 120  17.5 118.29   1.42 16.8   1.30 21.0
   .3 120  22.5 118.52   1.69 17.0   1.26 21.0
   .3 120  27.5 118.87   1.93 17.0   1.17 21.1
   .3 120  32.5 119.34   2.14 17.1   1.05 21.2
   .3 120  37.5 119.94   2.28 17.1    .90 21.4
   .3 120  42.5 120.63   2.37 17.0    .75 21.6
   .3 120  47.5 121.40   2.40 16.9    .60 21.8
   .3 120  52.5 122.19   2.37 16.8    .47 22.1
   .3 120  57.5 122.95   2.28 16.6    .35 22.4
   .3 120  62.5 123.68   2.13 16.5    .26 22.7
   .3 120  67.5 124.34   1.91 16.3    .19 11.1
   .3 120  72.5 124.89   1.63 16.2    .12 11.3
   .3 120  77.5 125.31   1.27 16.0    .08 11.2
   .3 120  82.5 125.59    .86 15.9    .05 22.8
   .3 120  87.5 125.84    .43 15.9    .02 22.4
   .3 150 -87.5 101.32    .30 16.3    .00 11.2
   .3 150 -82.5 101.72    .59 16.6    .05 11.2
   .3 150 -77.5 102.93   1.15 16.9    .12 11.1
   .3 150 -72.5 104.93   1.65 17.1    .13 22.5
   .3 150 -67.5 107.53   2.06 17.1    .18 21.8
   .3 150 -62.5 110.20   2.38 17.1    .32 21.5
   .3 150 -57.5 112.51   2.62 17.1    .50 21.4
   .3 150 -52.5 114.26   2.75 17.1    .66 21.3
   .3 150 -47.5 115.55   2.77 17.0    .74 21.3
   .3 150 -42.5 116.55   2.66 16.9    .71 21.2
   .3 150 -37.5 117.34   2.43 16.7    .54 21.3
   .3 150 -32.5 117.93   2.12 16.5    .31 22.1
   .3 150 -27.5 118.40   1.77 16.4    .30 11.9
   .3 150 -22.5 118.78   1.47 16.3    .55 13.1
   .3 150 -17.5 119.06   1.27 16.4    .81 13.2
   .3 150 -12.5 119.23   1.17 16.4    .98 13.0
   .3 150  -7.5 119.27   1.18 16.3   1.07 12.8
   .3 150  -2.5 119.16   1.26 16.1   1.10 12.6
   .3 150   2.5 118.99   1.42 15.9   1.09 12.3
   .3 150   7.5 118.88   1.63 15.7   1.09 11.9
   .3 150  12.5 118.88   1.87 15.6   1.14 11.5
   .3 150  17.5 118.98   2.10 15.7   1.27 11.2
   .3 150  22.5 119.12   2.31 15.9   1.42 11.1
   .3 150  27.5 119.29   2.48 16.0   1.54 11.0
   .3 150  32.5 119.49   2.60 16.2   1.58 11.1
   .3 150  37.5 119.71   2.69 16.3   1.53 11.2
   .3 150  42.5 120.00   2.73 16.3   1.39 11.3
   .3 150  47.5 120.38   2.73 16.3   1.20 11.4
   .3 150  52.5 120.79   2.70 16.3    .98 11.6
   .3 150  57.5 121.19   2.62 16.3    .77 11.7
   .3 150  62.5 121.58   2.48 16.2    .58 11.7
   .3 150  67.5 121.93   2.27 16.2    .41 11.8
   .3 150  72.5 122.22   1.97 16.1    .28 11.9
   .3 150  77.5 122.47   1.58 16.1    .18 12.3
   .3 150  82.5 122.66   1.12 16.0    .09 13.2
   .3 150  87.5 122.78    .60 16.0    .02 14.0
   .3 180 -87.5 111.60    .40 16.5    .00 22.2
   .3 180 -82.5 111.87    .77 16.6    .05 22.2
   .3 180 -77.5 113.03   1.47 16.7    .14 22.3
   .3 180 -72.5 114.64   2.07 16.7    .24 22.4
   .3 180 -67.5 116.30   2.54 16.8    .35 22.4
   .3 180 -62.5 117.73   2.85 16.8    .47 22.4
   .3 180 -57.5 118.78   3.04 16.8    .61 22.3
   .3 180 -52.5 119.49   3.12 16.8    .76 22.2
   .3 180 -47.5 119.96   3.12 16.8    .89 22.1
   .3 180 -42.5 120.25   3.04 16.8    .96 22.0
   .3 180 -37.5 120.41   2.88 16.7    .97 22.0
   .3 180 -32.5 120.50   2.64 16.6    .93 22.1
   .3 180 -27.5 120.57   2.35 16.5    .89 22.3
   .3 180 -22.5 120.60   2.06 16.5    .88 22.5
   .3 180 -17.5 120.62   1.79 16.5    .91 22.7
   .3 180 -12.5 120.61   1.58 16.5    .97 22.6
   .3 180  -7.5 120.60   1.43 16.3   1.05 22.4
   .3 180  -2.5 120.54   1.35 16.0   1.17 22.1
   .3 180   2.5 120.50   1.34 15.6   1.32 21.8
   .3 180   7.5 120.47   1.41 15.3   1.52 21.5
   .3 180  12.5 120.42   1.57 15.2   1.79 21.4
   .3 180  17.5 120.37   1.78 15.4   2.08 21.4
   .3 180  22.5 120.31   2.05 15.8   2.33 21.4
   .3 180  27.5 120.26   2.34 16.3   2.48 21.5
   .3 180  32.5 120.19   2.62 16.6   2.50 21.6
   .3 180  37.5 120.10   2.83 16.9   2.40 21.7
   .3 180  42.5 119.96   2.96 17.1   2.19 21.9
   .3 180  47.5 119.73   3.00 17.2   1.90 22.0
   .3 180  52.5 119.38   2.99 17.3   1.56 22.1
   .3 180  57.5 118.83   2.92 17.3   1.22 22.1
   .3 180  62.5 118.02   2.82 17.3    .92 22.1
   .3 180  67.5 117.00   2.64 17.3    .67 22.0
   .3 180  72.5 115.89   2.35 17.2    .47 22.0
   .3 180  77.5 114.91   1.92 17.1    .31 22.0
   .3 180  82.5 114.30   1.35 16.9    .17 22.2
   .3 180  87.5 114.28    .72 16.6    .06 22.3
   .3 210 -87.5 124.37    .34 15.9    .00 14.3
   .3 210 -82.5 124.25    .65 15.9    .02 14.3
   .3 210 -77.5 124.29   1.22 15.9    .08 13.4
   .3 210 -72.5 124.30   1.74 15.9    .18 12.2
   .3 210 -67.5 124.31   2.20 16.0    .29 11.9
   .3 210 -62.5 124.30   2.57 16.0    .42 11.7
   .3 210 -57.5 124.24   2.84 16.0    .57 11.6
   .3 210 -52.5 124.13   3.02 16.0    .74 11.5
   .3 210 -47.5 124.01   3.12 16.0    .89 11.5
   .3 210 -42.5 123.89   3.15 16.0   1.03 11.4
   .3 210 -37.5 123.77   3.12 15.9   1.14 11.4
   .3 210 -32.5 123.65   3.02 15.9   1.20 11.4
   .3 210 -27.5 123.55   2.86 15.7   1.24 11.5
   .3 210 -22.5 123.50   2.65 15.6   1.28 11.6
   .3 210 -17.5 123.48   2.40 15.6   1.34 11.7
   .3 210 -12.5 123.50   2.13 15.6   1.41 11.8
   .3 210  -7.5 123.55   1.86 15.6   1.48 11.9
   .3 210  -2.5 123.61   1.63 15.7   1.50 11.9
   .3 210   2.5 123.66   1.44 15.8   1.46 11.9
   .3 210   7.5 123.64   1.31 15.8   1.36 11.8
   .3 210  12.5 123.54   1.26 15.9   1.21 11.7
   .3 210  17.5 123.35   1.30 16.0   1.04 11.5
   .3 210  22.5 123.06   1.46 16.1    .89 11.2
   .3 210  27.5 122.64   1.74 16.3    .83 22.6
   .3 210  32.5 122.10   2.10 16.5    .91 22.0
   .3 210  37.5 121.38   2.46 16.6   1.03 21.7
   .3 210  42.5 120.48   2.76 16.8   1.11 21.6
   .3 210  47.5 119.38   2.95 16.9   1.09 21.6
   .3 210  52.5 118.01   3.03 17.0    .98 21.6
   .3 210  57.5 116.28   3.00 17.0    .78 21.6
   .3 210  62.5 114.17   2.87 17.1    .56 21.6
   .3 210  67.5 111.74   2.64 17.0    .36 21.7
   .3 210  72.5 109.13   2.31 17.0    .21 22.0
   .3 210  77.5 106.77   1.87 16.9    .16 22.6
   .3 210  82.5 105.18   1.33 16.8    .15 11.1
   .3 210  87.5 104.82    .69 16.4    .07 11.2
   .3 240 -87.5 130.96    .28 15.6    .00 17.4
   .3 240 -82.5 130.65    .53 15.5    .01 17.4
   .3 240 -77.5 130.37   1.03 15.5    .03 15.9
   .3 240 -72.5 129.87   1.52 15.4    .04 13.7
   .3 240 -67.5 129.28   1.93 15.4    .11 12.6
   .3 240 -62.5 128.63   2.27 15.5    .21 12.2
   .3 240 -57.5 127.95   2.55 15.5    .34 12.0
   .3 240 -52.5 127.29   2.77 15.6    .48 11.9
   .3 240 -47.5 126.67   2.93 15.6    .63 11.8
   .3 240 -42.5 126.08   3.02 15.6    .75 11.7
   .3 240 -37.5 125.56   3.06 15.6    .84 11.7
   .3 240 -32.5 125.12   3.03 15.6    .88 11.7
   .3 240 -27.5 124.76   2.92 15.5    .90 11.8
   .3 240 -22.5 124.50   2.75 15.4    .93 11.9
   .3 240 -17.5 124.35   2.51 15.4    .99 12.0
   .3 240 -12.5 124.28   2.23 15.5   1.08 12.0
   .3 240  -7.5 124.29   1.94 15.6   1.17 11.9
   .3 240  -2.5 124.33   1.67 15.7   1.25 11.8
   .3 240   2.5 124.38   1.43 15.8   1.28 11.6
   .3 240   7.5 124.42   1.24 15.9   1.26 11.5
   .3 240  12.5 124.41   1.09 16.0   1.22 11.2
   .3 240  17.5 124.30   1.02 16.1   1.16 22.9
   .3 240  22.5 124.00   1.08 16.2   1.14 22.6
   .3 240  27.5 123.50   1.28 16.5   1.20 22.1
   .3 240  32.5 122.79   1.63 16.8   1.35 21.8
   .3 240  37.5 121.84   2.04 17.1   1.52 21.6
   .3 240  42.5 120.63   2.42 17.3   1.59 21.6
   .3 240  47.5 119.11   2.65 17.5   1.49 21.6
   .3 240  52.5 117.26   2.69 17.5   1.22 21.6
   .3 240  57.5 115.07   2.56 17.5    .86 21.5
   .3 240  62.5 112.51   2.31 17.4    .49 21.3
   .3 240  67.5 109.73   2.00 17.3    .22 21.1
   .3 240  72.5 106.96   1.65 17.2    .07 22.4
   .3 240  77.5 104.67   1.26 17.1    .08 11.9
   .3 240  82.5 103.28    .86 16.7    .14 12.1
   .3 240  87.5 102.92    .45 16.1    .08 12.0
   .3 270 -87.5 131.69    .25 15.6    .00 19.9
   .3 270 -82.5 131.33    .51 15.6    .02 19.9
   .3 270 -77.5 131.04   1.02 15.5    .05 20.0
   .3 270 -72.5 130.55   1.53 15.5    .05 20.3
   .3 270 -67.5 129.90   1.98 15.5    .06 20.9
   .3 270 -62.5 129.17   2.34 15.6    .09 22.0
   .3 270 -57.5 128.37   2.61 15.7    .15 22.8
   .3 270 -52.5 127.56   2.81 15.8    .24 23.0
   .3 270 -47.5 126.77   2.94 15.9    .36 22.9
   .3 270 -42.5 126.04   3.01 16.1    .50 22.7
   .3 270 -37.5 125.36   3.04 16.2    .64 22.3
   .3 270 -32.5 124.72   3.03 16.3    .78 21.9
   .3 270 -27.5 124.16   2.97 16.4    .91 21.5
   .3 270 -22.5 123.68   2.84 16.3   1.00 21.2
   .3 270 -17.5 123.38   2.62 16.1   1.05 20.9
   .3 270 -12.5 123.22   2.33 15.9   1.05 20.7
   .3 270  -7.5 123.18   1.97 15.8   1.01 20.7
   .3 270  -2.5 123.25   1.61 15.7    .94 20.9
   .3 270   2.5 123.36   1.28 15.7    .91 21.2
   .3 270   7.5 123.48   1.03 15.8    .94 21.7
   .3 270  12.5 123.57    .88 16.0   1.05 22.1
   .3 270  17.5 123.59    .83 16.4   1.22 22.4
   .3 270  22.5 123.50    .92 16.9   1.43 22.6
   .3 270  27.5 123.23   1.14 17.4   1.66 22.7
   .3 270  32.5 122.72   1.47 17.8   1.85 22.8
   .3 270  37.5 121.91   1.82 18.1   1.91 23.0
   .3 270  42.5 120.73   2.12 18.2   1.76 11.1
   .3 270  47.5 119.19   2.31 18.2   1.41 11.1
   .3 270  52.5 117.27   2.37 18.0    .94 11.1
   .3 270  57.5 115.04   2.31 17.8    .50 22.6
   .3 270  62.5 112.53   2.13 17.6    .24 21.3
   .3 270  67.5 109.91   1.85 17.5    .18 19.7
   .3 270  72.5 107.46   1.50 17.4    .14 18.5
   .3 270  77.5 105.50   1.16 17.2    .09 16.5
   .3 270  82.5 104.37    .83 16.9    .09 14.4
   .3 270  87.5 104.17    .46 16.4    .05 13.7
   .3 300 -87.5 129.09    .29 15.8    .00 18.6
   .3 300 -82.5 128.79    .56 15.7    .02 18.6
   .3 300 -77.5 128.52   1.10 15.5    .03 18.2
   .3 300 -72.5 128.09   1.62 15.4    .02 15.7
   .3 300 -67.5 127.55   2.08 15.4    .06 12.9
   .3 300 -62.5 126.96   2.47 15.5    .16 12.2
   .3 300 -57.5 126.34   2.79 15.5    .27 12.1
   .3 300 -52.5 125.74   3.04 15.6    .38 12.1
   .3 300 -47.5 125.17   3.20 15.6    .47 12.0
   .3 300 -42.5 124.63   3.30 15.7    .51 12.0
   .3 300 -37.5 124.10   3.31 15.7    .50 12.0
   .3 300 -32.5 123.62   3.25 15.6    .43 12.1
   .3 300 -27.5 123.23   3.11 15.6    .36 12.5
   .3 300 -22.5 122.94   2.88 15.5    .34 13.0
   .3 300 -17.5 122.77   2.57 15.4    .41 13.4
   .3 300 -12.5 122.70   2.21 15.4    .52 13.3
   .3 300  -7.5 122.68   1.86 15.5    .63 13.0
   .3 300  -2.5 122.72   1.55 15.6    .74 12.5
   .3 300   2.5 122.76   1.30 15.7    .83 12.1
   .3 300   7.5 122.80   1.12 15.7    .92 11.7
   .3 300  12.5 122.79   1.01 15.6   1.01 11.3
   .3 300  17.5 122.70   1.00 15.6   1.14 22.8
   .3 300  22.5 122.45   1.12 15.9   1.34 22.5
   .3 300  27.5 122.01   1.37 16.3   1.60 22.2
   .3 300  32.5 121.38   1.73 16.8   1.86 22.1
   .3 300  37.5 120.51   2.14 17.3   2.01 22.1
   .3 300  42.5 119.32   2.48 17.6   1.98 22.1
   .3 300  47.5 117.84   2.68 17.7   1.75 22.1
   .3 300  52.5 116.03   2.70 17.8   1.35 22.1
   .3 300  57.5 113.87   2.59 17.7    .89 21.9
   .3 300  62.5 111.34   2.37 17.6    .50 21.5
   .3 300  67.5 108.59   2.09 17.5    .23 20.7
   .3 300  72.5 105.91   1.75 17.4    .08 19.5
   .3 300  77.5 103.92   1.37 17.2    .07 21.7
   .3 300  82.5 102.92    .98 16.8    .13 12.6
   .3 300  87.5 102.74    .54 16.0    .08 12.5
   .3 330 -87.5 124.53    .34 16.1    .00 15.4
   .3 330 -82.5 124.33    .63 16.0    .02 15.4
   .3 330 -77.5 124.18   1.19 15.9    .07 14.1
   .3 330 -72.5 123.90   1.69 16.0    .15 12.6
   .3 330 -67.5 123.60   2.12 16.0    .24 12.2
   .3 330 -62.5 123.30   2.47 16.0    .36 12.0
   .3 330 -57.5 122.97   2.73 16.0    .49 11.9
   .3 330 -52.5 122.66   2.90 16.0    .63 11.9
   .3 330 -47.5 122.34   2.99 16.0    .76 11.8
   .3 330 -42.5 122.05   3.01 15.9    .88 11.8
   .3 330 -37.5 121.81   2.96 15.8    .97 11.8
   .3 330 -32.5 121.63   2.86 15.8   1.03 11.9
   .3 330 -27.5 121.54   2.69 15.7   1.08 12.0
   .3 330 -22.5 121.49   2.48 15.7   1.13 12.2
   .3 330 -17.5 121.47   2.22 15.7   1.18 12.3
   .3 330 -12.5 121.48   1.95 15.7   1.22 12.3
   .3 330  -7.5 121.51   1.70 15.8   1.22 12.3
   .3 330  -2.5 121.55   1.47 15.9   1.17 12.2
   .3 330   2.5 121.60   1.29 15.9   1.06 12.1
   .3 330   7.5 121.62   1.17 15.9    .91 12.0
   .3 330  12.5 121.54   1.13 15.9    .73 11.8
   .3 330  17.5 121.36   1.19 16.0    .58 11.3
   .3 330  22.5 121.07   1.37 16.1    .53 22.5
   .3 330  27.5 120.64   1.66 16.3    .65 21.7
   .3 330  32.5 120.08   2.01 16.5    .85 21.4
   .3 330  37.5 119.37   2.35 16.7   1.02 21.3
   .3 330  42.5 118.48   2.62 16.9   1.09 21.3
   .3 330  47.5 117.37   2.80 17.0   1.05 21.4
   .3 330  52.5 115.99   2.85 17.1    .92 21.4
   .3 330  57.5 114.28   2.81 17.1    .71 21.4
   .3 330  62.5 112.21   2.66 17.1    .49 21.4
   .3 330  67.5 109.83   2.43 17.1    .29 21.5
   .3 330  72.5 107.32   2.10 17.0    .16 21.8
   .3 330  77.5 105.21   1.68 16.9    .13 22.5
   .3 330  82.5 103.92   1.18 16.7    .13 11.0
   .3 330  87.5 103.63    .61 16.3    .06 11.2
   .3 360 -87.5 114.12    .42 16.6    .00 11.3
   .3 360 -82.5 114.30    .78 16.7    .02 11.3
   .3 360 -77.5 114.96   1.43 16.7    .10 11.3
   .3 360 -72.5 115.77   1.97 16.7    .21 11.4
   .3 360 -67.5 116.59   2.37 16.7    .32 11.4
   .3 360 -62.5 117.43   2.63 16.6    .43 11.4
   .3 360 -57.5 118.18   2.79 16.6    .56 11.4
   .3 360 -52.5 118.79   2.86 16.6    .71 11.3
   .3 360 -47.5 119.28   2.86 16.5    .86 11.3
   .3 360 -42.5 119.62   2.80 16.5   1.01 11.3
   .3 360 -37.5 119.87   2.70 16.4   1.12 11.3
   .3 360 -32.5 120.04   2.55 16.2   1.18 11.5
   .3 360 -27.5 120.18   2.36 16.1   1.21 11.7
   .3 360 -22.5 120.29   2.14 15.9   1.24 11.9
   .3 360 -17.5 120.38   1.89 15.8   1.28 12.2
   .3 360 -12.5 120.47   1.66 15.8   1.32 12.4
   .3 360  -7.5 120.58   1.47 15.9   1.34 12.6
   .3 360  -2.5 120.67   1.33 15.9   1.30 12.7
   .3 360   2.5 120.66   1.27 15.8   1.19 12.7
   .3 360   7.5 120.55   1.30 15.7   1.02 12.7
   .3 360  12.5 120.40   1.41 15.5    .81 12.6
   .3 360  17.5 120.27   1.59 15.5    .62 12.1
   .3 360  22.5 120.13   1.85 15.6    .54 11.2
   .3 360  27.5 119.94   2.13 15.8    .61 22.4
   .3 360  32.5 119.69   2.41 16.0    .74 21.9
   .3 360  37.5 119.38   2.66 16.2    .83 21.8
   .3 360  42.5 118.96   2.86 16.4    .86 21.7
   .3 360  47.5 118.40   3.01 16.5    .81 21.8
   .3 360  52.5 117.71   3.08 16.6    .73 21.9
   .3 360  57.5 116.83   3.07 16.7    .61 22.1
   .3 360  62.5 115.70   2.97 16.7    .50 22.4
   .3 360  67.5 114.36   2.76 16.7    .41 22.6
   .3 360  72.5 112.88   2.44 16.7    .32 22.8
   .3 360  77.5 111.39   1.97 16.6    .24 22.9
   .3 360  82.5 110.29   1.38 16.6    .15 22.8
   .3 360  87.5 110.07    .71 16.5    .05 22.7
  1.0  30 -87.5 104.16    .28 15.7    .00 12.3
  1.0  30 -82.5 104.49    .52 16.1    .09 12.3
  1.0  30 -77.5 105.81    .94 16.8    .19 12.3
  1.0  30 -72.5 107.89   1.31 17.2    .18 12.0
  1.0  30 -67.5 110.38   1.64 17.4    .20 11.2
  1.0  30 -62.5 112.79   1.93 17.5    .36 22.4
  1.0  30 -57.5 114.79   2.16 17.6    .66 22.0
  1.0  30 -52.5 116.32   2.33 17.6    .99 21.8
  1.0  30 -47.5 117.52   2.41 17.5   1.27 21.6
  1.0  30 -42.5 118.43   2.37 17.2   1.40 21.4
  1.0  30 -37.5 119.07   2.20 16.9   1.32 21.2
  1.0  30 -32.5 119.54   1.94 16.4   1.04 21.0
  1.0  30 -27.5 119.89   1.65 16.0    .61 21.1
  1.0  30 -22.5 120.19   1.39 15.7    .30 23.0
  1.0  30 -17.5 120.47   1.19 15.7    .41 13.1
  1.0  30 -12.5 120.64   1.08 15.9    .71 13.6
  1.0  30  -7.5 120.68   1.06 16.1    .87 13.6
  1.0  30  -2.5 120.62   1.10 16.0    .89 13.5
  1.0  30   2.5 120.47   1.22 15.8    .79 13.4
  1.0  30   7.5 120.33   1.40 15.5    .59 13.0
  1.0  30  12.5 120.27   1.62 15.3    .45 11.9
  1.0  30  17.5 120.33   1.84 15.4    .55 22.7
  1.0  30  22.5 120.47   2.04 15.7    .82 22.1
  1.0  30  27.5 120.65   2.22 16.0   1.07 22.0
  1.0  30  32.5 120.84   2.36 16.3   1.20 22.1
  1.0  30  37.5 121.04   2.45 16.5   1.21 22.3
  1.0  30  42.5 121.25   2.50 16.6   1.12 22.5
  1.0  30  47.5 121.49   2.51 16.6    .97 22.7
  1.0  30  52.5 121.75   2.47 16.6    .80 22.9
  1.0  30  57.5 121.98   2.39 16.5    .63 11.1
  1.0  30  62.5 122.18   2.25 16.5    .48 11.3
  1.0  30  67.5 122.35   2.05 16.4    .35 11.5
  1.0  30  72.5 122.53   1.77 16.3    .25 11.6
  1.0  30  77.5 122.73   1.41 16.2    .17 11.9
  1.0  30  82.5 122.92    .99 16.1    .09 12.2
  1.0  30  87.5 123.09    .52 16.0    .02 12.5
  1.0  60 -87.5 103.30    .21 15.4    .00 12.9
  1.0  60 -82.5 103.58    .37 15.9    .08 12.9
  1.0  60 -77.5 104.74    .67 16.7    .15 13.1
  1.0  60 -72.5 106.56    .93 17.2    .11 13.9
  1.0  60 -67.5 108.76   1.20 17.5    .05 12.0
  1.0  60 -62.5 110.99   1.47 17.7    .15 21.9
  1.0  60 -57.5 112.98   1.73 17.9    .44 22.1
  1.0  60 -52.5 114.63   1.94 18.1    .85 22.1
  1.0  60 -47.5 115.97   2.09 18.2   1.27 22.1
  1.0  60 -42.5 117.02   2.11 18.1   1.58 21.9
  1.0  60 -37.5 117.81   1.96 17.9   1.72 21.7
  1.0  60 -32.5 118.37   1.67 17.5   1.66 21.4
  1.0  60 -27.5 118.78   1.33 17.0   1.44 21.2
  1.0  60 -22.5 119.07   1.02 16.6   1.12 20.9
  1.0  60 -17.5 119.32    .82 16.5    .80 20.5
  1.0  60 -12.5 119.50    .75 16.5    .60 19.8
  1.0  60  -7.5 119.56    .78 16.5    .54 19.2
  1.0  60  -2.5 119.49    .90 16.3    .56 18.8
  1.0  60   2.5 119.35   1.10 16.1    .60 18.9
  1.0  60   7.5 119.25   1.36 16.0    .65 19.2
  1.0  60  12.5 119.21   1.64 15.9    .72 19.7
  1.0  60  17.5 119.28   1.91 16.0    .79 20.2
  1.0  60  22.5 119.45   2.15 16.1    .85 20.6
  1.0  60  27.5 119.73   2.33 16.3    .87 21.0
  1.0  60  32.5 120.10   2.46 16.4    .84 21.4
  1.0  60  37.5 120.59   2.54 16.4    .77 21.6
  1.0  60  42.5 121.15   2.57 16.4    .66 21.9
  1.0  60  47.5 121.77   2.56 16.4    .54 22.1
  1.0  60  52.5 122.46   2.50 16.3    .41 22.3
  1.0  60  57.5 123.12   2.38 16.2    .30 22.6
  1.0  60  62.5 123.77   2.21 16.1    .21 22.9
  1.0  60  67.5 124.39   1.97 16.0    .14 11.3
  1.0  60  72.5 124.93   1.68 15.9    .08 11.5
  1.0  60  77.5 125.36   1.31 15.7    .05 11.4
  1.0  60  82.5 125.63    .89 15.7    .03 22.7
  1.0  60  87.5 125.84    .45 15.6    .01 22.1
  1.0  90 -87.5 110.09    .67 16.2    .00 22.0
  1.0  90 -82.5 110.53   1.27 16.5    .27 22.0
  1.0  90 -77.5 112.29   2.32 17.0    .67 21.8
  1.0  90 -72.5 114.22   2.97 17.4    .81 21.5
  1.0  90 -67.5 115.59   3.11 17.8    .82 21.0
  1.0  90 -62.5 116.47   2.84 18.2    .91 20.5
  1.0  90 -57.5 116.94   2.39 18.7   1.14 20.0
  1.0  90 -52.5 117.13   1.89 19.3   1.43 19.7
  1.0  90 -47.5 117.08   1.37 20.1   1.66 19.6
  1.0  90 -42.5 116.91    .89 21.2   1.81 19.5
  1.0  90 -37.5 116.65    .58 23.4   1.89 19.4
  1.0  90 -32.5 116.28    .50 26.1   1.89 19.4
  1.0  90 -27.5 115.78    .53 28.1   1.81 19.5
  1.0  90 -22.5 115.29    .46 29.8   1.71 19.7
  1.0  90 -17.5 114.99    .32 32.5   1.73 19.9
  1.0  90 -12.5 114.90    .28 12.1   1.88 20.3
  1.0  90  -7.5 114.90    .36 14.5   2.04 20.7
  1.0  90  -2.5 114.99    .43 14.9   2.10 21.1
  1.0  90   2.5 115.21    .48 14.9   2.06 21.5
  1.0  90   7.5 115.55    .54 15.0   1.97 21.8
  1.0  90  12.5 116.01    .63 15.2   1.84 22.2
  1.0  90  17.5 116.53    .75 15.4   1.71 22.5
  1.0  90  22.5 117.13    .89 15.5   1.58 22.9
  1.0  90  27.5 117.83   1.05 15.5   1.43 11.2
  1.0  90  32.5 118.60   1.25 15.3   1.27 11.6
  1.0  90  37.5 119.42   1.45 15.2   1.09 11.9
  1.0  90  42.5 120.29   1.65 15.1    .92 12.1
  1.0  90  47.5 121.21   1.81 15.0    .74 12.3
  1.0  90  52.5 122.14   1.90 15.0    .57 12.4
  1.0  90  57.5 123.04   1.92 15.0    .41 12.5
  1.0  90  62.5 123.89   1.84 15.0    .27 12.5
  1.0  90  67.5 124.64   1.69 15.1    .16 12.5
  1.0  90  72.5 125.33   1.46 15.2    .07 12.7
  1.0  90  77.5 125.84   1.16 15.3    .03 14.4
  1.0  90  82.5 126.21    .81 15.5    .02 16.9
  1.0  90  87.5 126.59    .42 15.7    .01 17.7
  1.0 120 -87.5 104.84    .30 16.3    .00 22.7
  1.0 120 -82.5 105.37    .66 16.6    .09 22.7
  1.0 120 -77.5 107.34   1.36 17.2    .18 22.5
  1.0 120 -72.5 110.05   1.97 17.5    .21 21.9
  1.0 120 -67.5 112.77   2.42 17.7    .30 21.5
  1.0 120 -62.5 115.02   2.61 17.9    .47 21.2
  1.0 120 -57.5 116.67   2.53 18.1    .67 21.0
  1.0 120 -52.5 117.73   2.20 18.3    .89 20.7
  1.0 120 -47.5 118.32   1.74 18.5   1.12 20.3
  1.0 120 -42.5 118.53   1.25 18.8   1.32 20.0
  1.0 120 -37.5 118.44    .83 19.5   1.48 19.8
  1.0 120 -32.5 118.14    .56 20.5   1.57 19.6
  1.0 120 -27.5 117.70    .43 21.7   1.60 19.5
  1.0 120 -22.5 117.22    .37 22.1   1.59 19.6
  1.0 120 -17.5 116.76    .34 21.3   1.56 19.7
  1.0 120 -12.5 116.36    .39 19.7   1.53 19.9
  1.0 120  -7.5 116.05    .56 18.4   1.50 20.2
  1.0 120  -2.5 115.89    .76 17.7   1.49 20.5
  1.0 120   2.5 115.92    .93 17.3   1.51 20.7
  1.0 120   7.5 116.12   1.03 17.0   1.54 20.8
  1.0 120  12.5 116.49   1.10 16.8   1.56 20.9
  1.0 120  17.5 117.04   1.14 16.8   1.56 21.0
  1.0 120  22.5 117.76   1.17 17.0   1.55 21.1
  1.0 120  27.5 118.63   1.19 17.5   1.54 21.2
  1.0 120  32.5 119.63   1.21 18.0   1.49 21.4
  1.0 120  37.5 120.71   1.24 18.5   1.39 21.6
  1.0 120  42.5 121.81   1.25 18.8   1.24 21.8
  1.0 120  47.5 122.90   1.23 18.9   1.06 21.9
  1.0 120  52.5 123.96   1.20 18.7    .85 22.0
  1.0 120  57.5 125.01   1.16 18.4    .65 22.0
  1.0 120  62.5 126.00   1.09 18.1    .47 22.0
  1.0 120  67.5 126.90   1.01 17.7    .31 21.9
  1.0 120  72.5 127.70    .88 17.3    .19 21.9
  1.0 120  77.5 128.32    .72 17.1    .09 22.0
  1.0 120  82.5 128.74    .50 17.1    .03 12.7
  1.0 120  87.5 129.15    .26 17.4    .00 15.2
  1.0 150 -87.5 106.83    .60 16.3    .00 14.9
  1.0 150 -82.5 106.84    .97 16.6    .05 14.9
  1.0 150 -77.5 108.18   1.53 17.0    .07 15.5
  1.0 150 -72.5 110.11   1.87 17.4    .06 18.1
  1.0 150 -67.5 112.11   2.12 17.5    .16 21.3
  1.0 150 -62.5 113.98   2.29 17.5    .45 22.7
  1.0 150 -57.5 115.50   2.39 17.4    .87 11.1
  1.0 150 -52.5 116.69   2.45 17.4   1.39 11.3
  1.0 150 -47.5 117.65   2.47 17.4   1.94 11.4
  1.0 150 -42.5 118.41   2.47 17.4   2.43 11.3
  1.0 150 -37.5 118.96   2.44 17.4   2.76 11.3
  1.0 150 -32.5 119.28   2.36 17.2   2.84 11.2
  1.0 150 -27.5 119.42   2.23 16.9   2.71 11.1
  1.0 150 -22.5 119.46   2.05 16.6   2.39 11.1
  1.0 150 -17.5 119.49   1.83 16.3   1.97 23.0
  1.0 150 -12.5 119.52   1.59 16.2   1.53 22.9
  1.0 150  -7.5 119.54   1.39 16.1   1.15 22.5
  1.0 150  -2.5 119.57   1.28 16.0    .90 21.9
  1.0 150   2.5 119.59   1.27 15.8    .89 21.0
  1.0 150   7.5 119.59   1.38 15.7   1.10 20.3
  1.0 150  12.5 119.61   1.61 15.6   1.36 20.2
  1.0 150  17.5 119.66   1.94 15.8   1.59 20.3
  1.0 150  22.5 119.84   2.32 16.1   1.80 20.6
  1.0 150  27.5 120.15   2.67 16.4   1.95 20.9
  1.0 150  32.5 120.58   2.91 16.7   1.99 21.3
  1.0 150  37.5 121.11   3.02 16.9   1.91 21.6
  1.0 150  42.5 121.67   3.03 17.0   1.74 22.0
  1.0 150  47.5 122.23   2.99 17.0   1.50 22.2
  1.0 150  52.5 122.78   2.93 16.9   1.21 22.4
  1.0 150  57.5 123.31   2.85 16.8    .91 22.6
  1.0 150  62.5 123.79   2.75 16.7    .62 22.6
  1.0 150  67.5 124.22   2.58 16.5    .39 22.6
  1.0 150  72.5 124.62   2.29 16.3    .22 22.6
  1.0 150  77.5 124.94   1.87 16.2    .11 22.8
  1.0 150  82.5 125.18   1.32 16.1    .05 22.9
  1.0 150  87.5 125.44    .70 16.0    .01 22.9
  1.0 180 -87.5 116.85    .37 15.5    .00 13.4
  1.0 180 -82.5 116.72    .64 15.8    .06 13.4
  1.0 180 -77.5 117.49   1.17 16.4    .21 12.8
  1.0 180 -72.5 118.51   1.64 16.9    .39 12.0
  1.0 180 -67.5 119.41   2.05 17.2    .61 11.5
  1.0 180 -62.5 120.19   2.37 17.3    .87 11.1
  1.0 180 -57.5 120.76   2.60 17.4   1.17 22.9
  1.0 180 -52.5 121.14   2.77 17.3   1.48 22.6
  1.0 180 -47.5 121.41   2.89 17.1   1.79 22.5
  1.0 180 -42.5 121.58   2.94 16.7   2.02 22.4
  1.0 180 -37.5 121.67   2.94 16.3   2.07 22.4
  1.0 180 -32.5 121.70   2.90 15.8   1.92 22.5
  1.0 180 -27.5 121.68   2.83 15.3   1.61 22.8
  1.0 180 -22.5 121.69   2.71 14.9   1.33 11.3
  1.0 180 -17.5 121.75   2.52 14.8   1.23 12.0
  1.0 180 -12.5 121.89   2.28 14.9   1.28 12.6
  1.0 180  -7.5 122.09   2.05 15.2   1.35 13.0
  1.0 180  -2.5 122.27   1.88 15.4   1.34 13.2
  1.0 180   2.5 122.32   1.76 15.4   1.26 13.5
  1.0 180   7.5 122.22   1.72 15.3   1.09 13.8
  1.0 180  12.5 122.09   1.77 14.9    .85 14.1
  1.0 180  17.5 122.00   1.92 14.6    .52 14.8
  1.0 180  22.5 122.01   2.15 14.5    .36 17.2
  1.0 180  27.5 122.05   2.42 14.7    .69 19.5
  1.0 180  32.5 122.10   2.72 15.2   1.26 20.2
  1.0 180  37.5 122.09   3.03 15.8   1.71 20.6
  1.0 180  42.5 121.99   3.29 16.3   1.93 20.9
  1.0 180  47.5 121.80   3.43 16.7   1.93 21.2
  1.0 180  52.5 121.50   3.43 17.0   1.74 21.4
  1.0 180  57.5 121.03   3.31 17.2   1.43 21.7
  1.0 180  62.5 120.47   3.10 17.2   1.08 22.0
  1.0 180  67.5 119.86   2.83 17.2    .76 22.4
  1.0 180  72.5 119.19   2.47 17.1    .51 22.9
  1.0 180  77.5 118.52   1.99 16.9    .34 11.3
  1.0 180  82.5 118.12   1.42 16.4    .20 11.6
  1.0 180  87.5 118.33    .78 15.6    .07 11.7
  1.0 210 -87.5 128.55    .44 16.6    .00 17.4
  1.0 210 -82.5 128.29    .84 16.3    .08 17.4
  1.0 210 -77.5 128.21   1.60 16.0    .19 16.8
  1.0 210 -72.5 128.02   2.23 15.8    .26 15.8
  1.0 210 -67.5 127.79   2.71 15.6    .36 14.8
  1.0 210 -62.5 127.57   3.03 15.5    .49 13.8
  1.0 210 -57.5 127.36   3.23 15.5    .67 12.9
  1.0 210 -52.5 127.11   3.37 15.6    .84 12.3
  1.0 210 -47.5 126.73   3.47 15.6    .89 11.9
  1.0 210 -42.5 126.25   3.50 15.6    .76 11.9
  1.0 210 -37.5 125.73   3.44 15.4    .54 12.2
  1.0 210 -32.5 125.30   3.24 15.2    .47 13.0
  1.0 210 -27.5 125.09   2.88 15.2    .61 13.6
  1.0 210 -22.5 125.07   2.41 15.3    .77 13.6
  1.0 210 -17.5 125.07   1.96 15.4    .84 13.3
  1.0 210 -12.5 125.00   1.62 15.3    .86 12.9
  1.0 210  -7.5 125.00   1.40 15.0    .87 12.4
  1.0 210  -2.5 125.10   1.28 14.7    .83 12.0
  1.0 210   2.5 125.18   1.23 14.7    .74 11.4
  1.0 210   7.5 125.15   1.25 15.0    .67 22.7
  1.0 210  12.5 124.99   1.37 15.3    .66 21.9
  1.0 210  17.5 124.68   1.62 15.5    .74 21.3
  1.0 210  22.5 124.28   2.06 15.7    .96 21.2
  1.0 210  27.5 123.87   2.60 15.9   1.28 21.2
  1.0 210  32.5 123.46   3.10 16.2   1.66 21.4
  1.0 210  37.5 123.00   3.46 16.6   1.99 21.7
  1.0 210  42.5 122.36   3.64 17.1   2.13 22.0
  1.0 210  47.5 121.44   3.66 17.4   2.02 22.3
  1.0 210  52.5 120.19   3.52 17.6   1.69 22.4
  1.0 210  57.5 118.63   3.26 17.5   1.19 22.4
  1.0 210  62.5 116.75   2.97 17.4    .68 21.8
  1.0 210  67.5 114.61   2.67 17.4    .42 20.4
  1.0 210  72.5 112.36   2.33 17.4    .42 19.0
  1.0 210  77.5 110.24   1.94 17.1    .37 18.6
  1.0 210  82.5 108.83   1.52 16.6    .18 18.7
  1.0 210  87.5 108.76    .94 15.9    .04 18.9
  1.0 240 -87.5 134.76    .23 16.6    .00 22.0
  1.0 240 -82.5 134.35    .49 16.6    .02 22.0
  1.0 240 -77.5 133.96   1.02 16.6    .06 22.0
  1.0 240 -72.5 133.33   1.56 16.7    .09 21.8
  1.0 240 -67.5 132.57   2.00 16.8    .17 21.6
  1.0 240 -62.5 131.74   2.33 16.9    .31 21.6
  1.0 240 -57.5 130.84   2.57 17.1    .52 21.6
  1.0 240 -52.5 129.92   2.76 17.2    .80 21.6
  1.0 240 -47.5 129.00   2.90 17.3   1.09 21.5
  1.0 240 -42.5 128.10   3.01 17.3   1.39 21.4
  1.0 240 -37.5 127.24   3.07 17.1   1.65 21.3
  1.0 240 -32.5 126.49   3.11 16.9   1.86 21.2
  1.0 240 -27.5 125.85   3.11 16.6   2.00 21.1
  1.0 240 -22.5 125.36   3.07 16.3   2.06 20.9
  1.0 240 -17.5 125.08   2.93 16.0   2.04 20.8
  1.0 240 -12.5 125.01   2.65 15.8   1.91 20.7
  1.0 240  -7.5 125.06   2.25 15.6   1.69 20.6
  1.0 240  -2.5 125.15   1.84 15.5   1.44 20.6
  1.0 240   2.5 125.26   1.51 15.5   1.22 20.6
  1.0 240   7.5 125.36   1.28 15.5   1.11 20.9
  1.0 240  12.5 125.42   1.16 15.6   1.16 21.2
  1.0 240  17.5 125.42   1.12 15.9   1.36 21.5
  1.0 240  22.5 125.30   1.20 16.3   1.64 21.6
  1.0 240  27.5 125.03   1.40 16.9   1.91 21.8
  1.0 240  32.5 124.61   1.71 17.4   2.13 21.9
  1.0 240  37.5 124.01   2.08 17.8   2.25 21.9
  1.0 240  42.5 123.22   2.43 18.2   2.25 22.0
  1.0 240  47.5 122.19   2.66 18.4   2.08 22.0
  1.0 240  52.5 120.86   2.75 18.4   1.72 21.9
  1.0 240  57.5 119.12   2.69 18.3   1.25 21.7
  1.0 240  62.5 117.01   2.53 18.1    .80 21.2
  1.0 240  67.5 114.52   2.28 17.9    .47 20.5
  1.0 240  72.5 111.68   1.95 17.7    .25 19.9
  1.0 240  77.5 108.85   1.57 17.4    .12 21.6
  1.0 240  82.5 106.89   1.16 16.7    .13 11.8
  1.0 240  87.5 106.59    .68 15.8    .09 12.2
  1.0 270 -87.5 136.46    .16 15.6    .00 15.0
  1.0 270 -82.5 135.97    .29 15.6    .01 15.0
  1.0 270 -77.5 135.53    .56 15.5    .04 13.7
  1.0 270 -72.5 134.85    .83 15.3    .09 12.0
  1.0 270 -67.5 134.01   1.05 15.2    .18 11.5
  1.0 270 -62.5 133.12   1.16 15.3    .36 11.5
  1.0 270 -57.5 132.17   1.19 15.4    .60 11.5
  1.0 270 -52.5 131.18   1.18 15.7    .88 11.4
  1.0 270 -47.5 130.18   1.15 16.1   1.19 11.3
  1.0 270 -42.5 129.17   1.13 16.4   1.47 11.2
  1.0 270 -37.5 128.15   1.14 16.5   1.71 23.0
  1.0 270 -32.5 127.14   1.17 16.4   1.85 22.8
  1.0 270 -27.5 126.15   1.23 16.0   1.87 22.6
  1.0 270 -22.5 125.23   1.30 15.4   1.78 22.4
  1.0 270 -17.5 124.47   1.34 14.8   1.62 22.3
  1.0 270 -12.5 123.89   1.32 14.4   1.43 22.2
  1.0 270  -7.5 123.46   1.17 14.3   1.28 22.3
  1.0 270  -2.5 123.15    .93 14.5   1.17 22.3
  1.0 270   2.5 122.99    .67 15.2   1.07 22.4
  1.0 270   7.5 122.97    .49 17.1    .96 22.5
  1.0 270  12.5 123.07    .52 19.6    .81 22.6
  1.0 270  17.5 123.30    .73 21.5    .65 22.8
  1.0 270  22.5 123.66   1.04 22.4    .50 11.0
  1.0 270  27.5 124.06   1.37 22.8    .33 11.2
  1.0 270  32.5 124.44   1.69 22.9    .16 13.3
  1.0 270  37.5 124.75   1.99 23.0    .25 15.9
  1.0 270  42.5 125.00   2.23 22.9    .55 16.4
  1.0 270  47.5 125.13   2.40 22.9    .84 16.5
  1.0 270  52.5 125.09   2.40 23.0   1.06 16.6
  1.0 270  57.5 124.79   2.10 22.9   1.17 16.9
  1.0 270  62.5 123.92   1.42 22.1   1.19 17.3
  1.0 270  67.5 122.30   1.03 18.8   1.22 18.1
  1.0 270  72.5 119.95   1.54 15.7   1.36 19.1
  1.0 270  77.5 117.11   2.12 15.1   1.48 19.7
  1.0 270  82.5 114.80   1.97 15.0   1.24 20.1
  1.0 270  87.5 114.21   1.19 14.7    .49 20.1
  1.0 300 -87.5 136.01    .12 19.6    .00 12.5
  1.0 300 -82.5 135.44    .26 19.2    .03 12.5
  1.0 300 -77.5 134.99    .56 18.6    .10 12.3
  1.0 300 -72.5 134.31    .89 18.4    .17 11.7
  1.0 300 -67.5 133.46   1.18 18.5    .27 11.4
  1.0 300 -62.5 132.49   1.42 18.7    .43 11.1
  1.0 300 -57.5 131.45   1.60 18.8    .63 22.8
  1.0 300 -52.5 130.35   1.74 18.9    .85 22.5
  1.0 300 -47.5 129.19   1.82 18.8   1.04 22.3
  1.0 300 -42.5 128.02   1.84 18.5   1.17 22.1
  1.0 300 -37.5 126.87   1.82 18.0   1.21 21.9
  1.0 300 -32.5 125.76   1.81 17.3   1.18 21.7
  1.0 300 -27.5 124.75   1.83 16.6   1.13 21.5
  1.0 300 -22.5 123.88   1.88 16.1   1.12 21.4
  1.0 300 -17.5 123.20   1.91 16.0   1.17 21.4
  1.0 300 -12.5 122.68   1.92 16.0   1.27 21.4
  1.0 300  -7.5 122.32   1.92 16.2   1.38 21.3
  1.0 300  -2.5 122.09   1.90 16.3   1.45 21.3
  1.0 300   2.5 122.06   1.84 16.5   1.47 21.3
  1.0 300   7.5 122.24   1.68 16.7   1.45 21.1
  1.0 300  12.5 122.58   1.41 16.9   1.37 20.8
  1.0 300  17.5 122.97   1.09 17.2   1.24 20.5
  1.0 300  22.5 123.39    .81 17.9   1.11 20.2
  1.0 300  27.5 123.77    .62 18.9   1.02 20.0
  1.0 300  32.5 124.03    .54 19.8    .98 19.8
  1.0 300  37.5 124.10    .60 20.1    .96 19.7
  1.0 300  42.5 123.90    .79 19.7    .94 19.8
  1.0 300  47.5 123.38   1.16 19.1    .91 19.9
  1.0 300  52.5 122.51   1.69 18.6    .89 20.1
  1.0 300  57.5 121.20   2.32 18.3    .90 20.3
  1.0 300  62.5 119.32   2.90 18.2    .89 20.5
  1.0 300  67.5 116.80   3.24 18.2    .82 20.8
  1.0 300  72.5 113.71   3.18 18.1    .66 21.3
  1.0 300  77.5 110.53   2.70 17.9    .48 21.9
  1.0 300  82.5 108.23   1.93 17.4    .35 22.7
  1.0 300  87.5 107.59   1.01 16.6    .15 11.1
  1.0 330 -87.5 128.14    .35 15.8    .00 21.2
  1.0 330 -82.5 127.90    .70 15.8    .03 21.2
  1.0 330 -77.5 127.76   1.38 15.8    .08 21.7
  1.0 330 -72.5 127.53   2.01 15.8    .12 22.4
  1.0 330 -67.5 127.23   2.55 15.9    .18 22.5
  1.0 330 -62.5 126.85   2.96 16.0    .25 22.7
  1.0 330 -57.5 126.44   3.23 16.1    .35 22.7
  1.0 330 -52.5 126.03   3.39 16.3    .47 22.6
  1.0 330 -47.5 125.59   3.46 16.4    .60 22.2
  1.0 330 -42.5 125.14   3.47 16.5    .75 21.7
  1.0 330 -37.5 124.71   3.43 16.5    .89 21.1
  1.0 330 -32.5 124.35   3.30 16.4   1.01 20.5
  1.0 330 -27.5 124.13   3.06 16.2   1.09 20.0
  1.0 330 -22.5 124.07   2.72 16.0   1.10 19.5
  1.0 330 -17.5 124.12   2.29 15.9   1.02 19.1
  1.0 330 -12.5 124.21   1.86 15.8    .87 18.9
  1.0 330  -7.5 124.26   1.51 15.8    .65 18.9
  1.0 330  -2.5 124.26   1.28 15.8    .44 19.5
  1.0 330   2.5 124.22   1.18 15.7    .38 20.7
  1.0 330   7.5 124.16   1.19 15.7    .51 21.6
  1.0 330  12.5 124.06   1.31 15.6    .77 22.0
  1.0 330  17.5 123.89   1.52 15.7   1.11 22.0
  1.0 330  22.5 123.60   1.78 16.0   1.48 22.0
  1.0 330  27.5 123.22   2.08 16.4   1.81 22.0
  1.0 330  32.5 122.74   2.39 16.8   2.07 22.1
  1.0 330  37.5 122.14   2.66 17.1   2.20 22.2
  1.0 330  42.5 121.38   2.85 17.4   2.16 22.3
  1.0 330  47.5 120.44   2.93 17.6   1.94 22.4
  1.0 330  52.5 119.27   2.90 17.6   1.58 22.4
  1.0 330  57.5 117.81   2.78 17.5   1.14 22.3
  1.0 330  62.5 116.04   2.62 17.5    .73 22.1
  1.0 330  67.5 113.97   2.42 17.5    .42 21.6
  1.0 330  72.5 111.71   2.15 17.5    .23 20.8
  1.0 330  77.5 109.59   1.82 17.2    .12 21.2
  1.0 330  82.5 108.22   1.40 16.8    .08 23.0
  1.0 330  87.5 108.12    .82 16.2    .05 11.9
  1.0 360 -87.5 119.46    .46 16.7    .00 15.7
  1.0 360 -82.5 119.39    .83 16.7    .01 15.7
  1.0 360 -77.5 119.72   1.48 16.7    .05 14.0
  1.0 360 -72.5 120.18   1.99 16.7    .13 12.2
  1.0 360 -67.5 120.70   2.35 16.7    .27 12.0
  1.0 360 -62.5 121.24   2.58 16.7    .45 11.9
  1.0 360 -57.5 121.71   2.71 16.7    .69 11.8
  1.0 360 -52.5 122.11   2.78 16.7    .97 11.7
  1.0 360 -47.5 122.45   2.81 16.7   1.26 11.6
  1.0 360 -42.5 122.71   2.81 16.7   1.49 11.5
  1.0 360 -37.5 122.86   2.77 16.6   1.61 11.4
  1.0 360 -32.5 122.94   2.68 16.4   1.58 11.5
  1.0 360 -27.5 122.97   2.53 16.2   1.45 11.6
  1.0 360 -22.5 123.01   2.33 16.1   1.30 11.9
  1.0 360 -17.5 123.10   2.09 16.1   1.19 12.3
  1.0 360 -12.5 123.20   1.87 16.2   1.11 12.6
  1.0 360  -7.5 123.28   1.70 16.2   1.00 12.9
  1.0 360  -2.5 123.27   1.59 16.1    .81 13.2
  1.0 360   2.5 123.19   1.58 15.8    .54 13.5
  1.0 360   7.5 123.07   1.65 15.3    .23 14.6
  1.0 360  12.5 122.95   1.80 15.0    .23 17.7
  1.0 360  17.5 122.86   2.00 14.9    .66 20.1
  1.0 360  22.5 122.78   2.23 15.1   1.19 20.4
  1.0 360  27.5 122.68   2.48 15.5   1.68 20.6
  1.0 360  32.5 122.48   2.75 15.9   2.02 20.9
  1.0 360  37.5 122.16   2.98 16.3   2.15 21.1
  1.0 360  42.5 121.74   3.14 16.7   2.08 21.3
  1.0 360  47.5 121.17   3.20 16.9   1.85 21.5
  1.0 360  52.5 120.42   3.17 17.0   1.53 21.7
  1.0 360  57.5 119.45   3.07 17.1   1.18 21.9
  1.0 360  62.5 118.21   2.91 17.1    .84 22.1
  1.0 360  67.5 116.72   2.69 17.1    .57 22.3
  1.0 360  72.5 115.09   2.38 17.1    .37 22.6
  1.0 360  77.5 113.51   1.94 16.9    .24 22.8
  1.0 360  82.5 112.42   1.38 16.5    .15 23.0
  1.0 360  87.5 112.32    .74 15.9    .05 11.1
  3.0  30 -87.5 109.90    .72 14.5    .00 11.9
  3.0  30 -82.5 109.80   1.10 15.0    .16 11.9
  3.0  30 -77.5 110.91   1.68 16.1    .33 11.5
  3.0  30 -72.5 112.52   2.11 17.1    .37 22.5
  3.0  30 -67.5 114.17   2.60 17.7    .60 21.4
  3.0  30 -62.5 115.73   3.00 17.9   1.05 20.9
  3.0  30 -57.5 116.98   3.25 17.9   1.51 20.8
  3.0  30 -52.5 117.88   3.31 17.7   1.84 20.7
  3.0  30 -47.5 118.52   3.17 17.3   2.00 20.5
  3.0  30 -42.5 119.03   2.89 17.0   2.01 20.4
  3.0  30 -37.5 119.43   2.52 16.6   1.94 20.2
  3.0  30 -32.5 119.66   2.12 16.2   1.86 20.0
  3.0  30 -27.5 119.77   1.72 15.8   1.76 19.7
  3.0  30 -22.5 119.80   1.37 15.4   1.61 19.4
  3.0  30 -17.5 119.79   1.12 15.3   1.46 19.0
  3.0  30 -12.5 119.84    .99 15.3   1.42 18.6
  3.0  30  -7.5 119.90    .96 15.4   1.52 18.3
  3.0  30  -2.5 119.88   1.04 15.5   1.61 18.2
  3.0  30   2.5 119.77   1.26 15.6   1.61 18.4
  3.0  30   7.5 119.66   1.56 15.7   1.57 18.7
  3.0  30  12.5 119.59   1.92 15.8   1.60 19.0
  3.0  30  17.5 119.63   2.28 15.8   1.69 19.3
  3.0  30  22.5 119.86   2.57 16.0   1.76 19.6
  3.0  30  27.5 120.28   2.72 16.2   1.75 19.9
  3.0  30  32.5 120.85   2.77 16.5   1.65 20.2
  3.0  30  37.5 121.50   2.76 16.9   1.52 20.4
  3.0  30  42.5 122.15   2.73 17.2   1.37 20.7
  3.0  30  47.5 122.78   2.70 17.4   1.20 20.9
  3.0  30  52.5 123.38   2.66 17.5   1.01 21.1
  3.0  30  57.5 123.95   2.58 17.4    .81 21.3
  3.0  30  62.5 124.49   2.46 17.3    .62 21.4
  3.0  30  67.5 124.99   2.28 17.1    .46 21.4
  3.0  30  72.5 125.47   1.99 16.8    .32 21.5
  3.0  30  77.5 125.80   1.59 16.6    .20 21.7
  3.0  30  82.5 126.04   1.09 16.3    .10 21.6
  3.0  30  87.5 126.48    .55 16.3    .03 21.4
  3.0  60 -87.5 105.85    .28 13.8    .00 22.2
  3.0  60 -82.5 106.98    .53 13.7    .11 22.2
  3.0  60 -77.5 110.25    .93 13.4    .25 21.9
  3.0  60 -72.5 113.98   1.10 12.9    .29 21.3
  3.0  60 -67.5 116.86    .91 12.3    .28 21.0
  3.0  60 -62.5 118.62    .43 13.5    .22 21.4
  3.0  60 -57.5 119.42    .32 18.2    .19 22.6
  3.0  60 -52.5 119.54    .70 21.3    .21 11.5
  3.0  60 -47.5 119.25    .99 21.3    .17 11.6
  3.0  60 -42.5 118.73   1.15 21.2    .14 22.8
  3.0  60 -37.5 118.08   1.19 21.2    .18 21.9
  3.0  60 -32.5 117.41   1.14 21.1    .30 21.7
  3.0  60 -27.5 116.77   1.04 21.0    .42 21.9
  3.0  60 -22.5 116.19    .93 20.9    .52 22.1
  3.0  60 -17.5 115.70    .81 20.8    .62 22.3
  3.0  60 -12.5 115.36    .70 20.7    .73 22.5
  3.0  60  -7.5 115.15    .60 20.7    .80 22.7
  3.0  60  -2.5 115.07    .50 20.6    .84 22.8
  3.0  60   2.5 115.13    .41 20.4    .84 22.8
  3.0  60   7.5 115.36    .35 20.1    .82 22.7
  3.0  60  12.5 115.72    .34 19.8    .82 22.5
  3.0  60  17.5 116.24    .34 19.7    .81 22.3
  3.0  60  22.5 116.95    .35 19.7    .81 22.2
  3.0  60  27.5 117.84    .38 19.9    .82 22.1
  3.0  60  32.5 118.89    .47 20.3    .86 22.0
  3.0  60  37.5 120.07    .61 20.8    .92 22.0
  3.0  60  42.5 121.36    .76 21.3    .95 22.1
  3.0  60  47.5 122.65    .88 21.6    .92 22.3
  3.0  60  52.5 123.88    .94 21.7    .82 22.5
  3.0  60  57.5 125.05    .92 21.8    .67 22.7
  3.0  60  62.5 126.16    .85 21.7    .50 23.0
  3.0  60  67.5 127.19    .72 21.5    .35 11.4
  3.0  60  72.5 128.09    .57 21.4    .22 11.9
  3.0  60  77.5 128.76    .41 21.4    .14 12.6
  3.0  60  82.5 129.26    .28 21.8    .09 13.3
  3.0  60  87.5 129.82    .15 22.4    .03 13.7
  3.0  90 -87.5 114.41    .11 18.8    .00 18.1
  3.0  90 -82.5 114.39    .20 18.5    .06 18.1
  3.0  90 -77.5 115.89    .39 18.1    .24 18.4
  3.0  90 -72.5 117.39    .56 18.3    .48 18.7
  3.0  90 -67.5 118.21    .71 19.3    .70 18.7
  3.0  90 -62.5 118.78    .95 20.8    .83 18.5
  3.0  90 -57.5 119.03   1.31 22.1    .83 18.3
  3.0  90 -52.5 118.92   1.66 22.9    .71 18.1
  3.0  90 -47.5 118.56   1.86 23.4    .55 18.2
  3.0  90 -42.5 118.01   1.87 23.7    .38 18.8
  3.0  90 -37.5 117.37   1.73 23.9    .32 20.1
  3.0  90 -32.5 116.67   1.49 24.1    .41 21.4
  3.0  90 -27.5 115.98   1.21 24.3    .58 22.0
  3.0  90 -22.5 115.32    .92 24.6    .75 22.3
  3.0  90 -17.5 114.77    .65 25.0    .91 22.5
  3.0  90 -12.5 114.37    .40 26.1   1.03 22.6
  3.0  90  -7.5 114.18    .24 29.0   1.13 22.6
  3.0  90  -2.5 114.15    .27 32.6   1.24 22.6
  3.0  90   2.5 114.25    .46 10.6   1.35 22.7
  3.0  90   7.5 114.49    .70 11.4   1.44 22.7
  3.0  90  12.5 114.86    .93 11.8   1.49 22.7
  3.0  90  17.5 115.44   1.09 12.2   1.56 22.8
  3.0  90  22.5 116.27   1.12 12.7   1.68 22.8
  3.0  90  27.5 117.30   1.03 13.1   1.86 22.9
  3.0  90  32.5 118.44    .90 13.6   2.00 11.0
  3.0  90  37.5 119.63    .77 13.8   2.04 11.2
  3.0  90  42.5 120.81    .70 13.8   1.96 11.3
  3.0  90  47.5 121.96    .69 13.6   1.76 11.5
  3.0  90  52.5 123.05    .73 13.4   1.46 11.7
  3.0  90  57.5 124.08    .81 13.3   1.12 11.8
  3.0  90  62.5 125.08    .87 13.4    .77 11.9
  3.0  90  67.5 126.03    .88 13.7    .47 12.0
  3.0  90  72.5 126.90    .82 14.1    .25 12.2
  3.0  90  77.5 127.55    .69 14.5    .12 13.0
  3.0  90  82.5 128.05    .50 14.9    .07 14.9
  3.0  90  87.5 128.63    .28 15.2    .03 16.1
  3.0 120 -87.5 110.25    .53 16.2    .00 21.4
  3.0 120 -82.5 110.40    .99 16.3    .17 21.4
  3.0 120 -77.5 112.83   1.75 16.4    .47 21.3
  3.0 120 -72.5 115.56   2.08 16.4    .66 21.2
  3.0 120 -67.5 117.53   1.93 16.5    .70 20.9
  3.0 120 -62.5 119.00   1.46 16.9    .64 20.6
  3.0 120 -57.5 119.88    .97 18.2    .55 20.1
  3.0 120 -52.5 120.11    .74 20.4    .50 19.7
  3.0 120 -47.5 119.89    .80 22.4    .52 19.3
  3.0 120 -42.5 119.35    .96 23.5    .57 19.3
  3.0 120 -37.5 118.62   1.05 23.9    .61 19.7
  3.0 120 -32.5 117.85   1.05 24.1    .63 20.2
  3.0 120 -27.5 117.11    .97 24.2    .66 20.7
  3.0 120 -22.5 116.45    .86 24.4    .69 21.1
  3.0 120 -17.5 115.89    .73 24.7    .72 21.5
  3.0 120 -12.5 115.44    .59 25.2    .76 21.8
  3.0 120  -7.5 115.18    .42 25.8    .80 22.0
  3.0 120  -2.5 115.10    .26 26.5    .86 22.1
  3.0 120   2.5 115.21    .11 27.7    .96 22.1
  3.0 120   7.5 115.48    .06 32.8   1.08 22.1
  3.0 120  12.5 115.93    .13 13.3   1.18 22.1
  3.0 120  17.5 116.55    .24 13.7   1.26 22.2
  3.0 120  22.5 117.36    .34 14.0   1.34 22.2
  3.0 120  27.5 118.35    .42 14.5   1.44 22.2
  3.0 120  32.5 119.45    .47 15.0   1.54 22.3
  3.0 120  37.5 120.64    .49 15.3   1.59 22.4
  3.0 120  42.5 121.86    .50 15.4   1.57 22.6
  3.0 120  47.5 123.07    .51 15.4   1.46 22.7
  3.0 120  52.5 124.20    .54 15.1   1.27 22.8
  3.0 120  57.5 125.25    .60 14.9   1.03 22.9
  3.0 120  62.5 126.22    .67 14.6    .77 11.0
  3.0 120  67.5 127.10    .73 14.5    .52 11.2
  3.0 120  72.5 127.91    .76 14.4    .31 11.4
  3.0 120  77.5 128.55    .70 14.3    .15 12.2
  3.0 120  82.5 129.04    .54 14.4    .07 14.1
  3.0 120  87.5 129.61    .31 14.6    .03 15.5
  3.0 150 -87.5 106.15    .63 17.6    .00 21.5
  3.0 150 -82.5 105.87   1.26 17.6    .18 21.5
  3.0 150 -77.5 107.93   2.42 17.7    .45 21.4
  3.0 150 -72.5 110.67   3.25 17.7    .58 21.1
  3.0 150 -67.5 113.08   3.61 17.7    .61 21.1
  3.0 150 -62.5 115.30   3.52 17.7    .61 21.4
  3.0 150 -57.5 117.14   3.15 17.7    .66 21.8
  3.0 150 -52.5 118.47   2.64 17.8    .70 21.9
  3.0 150 -47.5 119.26   2.06 17.7    .64 21.5
  3.0 150 -42.5 119.64   1.46 17.8    .52 20.7
  3.0 150 -37.5 119.72    .95 17.9    .45 19.7
  3.0 150 -32.5 119.54    .62 18.3    .44 19.0
  3.0 150 -27.5 119.18    .46 18.3    .44 19.0
  3.0 150 -22.5 118.75    .46 17.5    .46 19.4
  3.0 150 -17.5 118.28    .61 16.6    .55 19.9
  3.0 150 -12.5 117.82    .87 16.1    .69 20.4
  3.0 150  -7.5 117.46   1.11 15.9    .83 20.6
  3.0 150  -2.5 117.24   1.27 15.8    .88 20.7
  3.0 150   2.5 117.15   1.40 15.7    .85 20.7
  3.0 150   7.5 117.18   1.56 15.8    .76 20.6
  3.0 150  12.5 117.39   1.76 16.1    .68 20.4
  3.0 150  17.5 117.78   1.94 16.4    .61 20.1
  3.0 150  22.5 118.41   2.06 16.7    .58 20.0
  3.0 150  27.5 119.28   2.11 17.0    .57 20.2
  3.0 150  32.5 120.32   2.11 17.4    .59 20.6
  3.0 150  37.5 121.48   2.06 17.8    .63 21.0
  3.0 150  42.5 122.69   2.01 18.3    .68 21.5
  3.0 150  47.5 123.89   1.97 18.7    .71 21.8
  3.0 150  52.5 125.05   1.91 19.1    .67 22.1
  3.0 150  57.5 126.15   1.82 19.4    .56 22.5
  3.0 150  62.5 127.16   1.65 19.5    .43 22.9
  3.0 150  67.5 128.08   1.42 19.6    .30 11.4
  3.0 150  72.5 128.93   1.13 19.8    .22 12.0
  3.0 150  77.5 129.45    .81 20.1    .18 12.5
  3.0 150  82.5 129.81    .51 20.5    .11 12.9
  3.0 150  87.5 130.50    .26 21.2    .03 13.1
  3.0 180 -87.5 119.91    .35 18.7    .00 18.7
  3.0 180 -82.5 118.99    .61 18.0    .05 18.7
  3.0 180 -77.5 119.47   1.10 16.8    .08 19.7
  3.0 180 -72.5 120.14   1.50 15.9    .10 21.6
  3.0 180 -67.5 120.51   1.84 15.3    .22 22.6
  3.0 180 -62.5 120.98   2.10 14.9    .38 23.0
  3.0 180 -57.5 121.43   2.26 14.6    .57 11.3
  3.0 180 -52.5 121.75   2.27 14.7    .79 11.7
  3.0 180 -47.5 121.90   2.16 15.0    .98 11.9
  3.0 180 -42.5 121.85   2.00 15.5   1.05 12.1
  3.0 180 -37.5 121.60   1.84 15.9    .96 12.3
  3.0 180 -32.5 121.19   1.72 16.0    .73 12.5
  3.0 180 -27.5 120.74   1.63 15.8    .46 12.9
  3.0 180 -22.5 120.35   1.53 15.5    .33 13.8
  3.0 180 -17.5 120.12   1.38 15.3    .40 14.4
  3.0 180 -12.5 120.05   1.17 15.3    .54 14.4
  3.0 180  -7.5 120.11    .96 15.5    .66 14.2
  3.0 180  -2.5 120.22    .86 16.0    .74 14.0
  3.0 180   2.5 120.30    .87 16.6    .75 13.9
  3.0 180   7.5 120.34    .97 16.9    .74 13.8
  3.0 180  12.5 120.45   1.09 17.0    .70 13.8
  3.0 180  17.5 120.62   1.22 17.0    .66 13.7
  3.0 180  22.5 120.89   1.36 17.0    .62 13.6
  3.0 180  27.5 121.28   1.50 17.1    .63 13.6
  3.0 180  32.5 121.82   1.61 17.2    .66 13.6
  3.0 180  37.5 122.38   1.70 17.3    .70 13.8
  3.0 180  42.5 122.89   1.78 17.3    .72 13.9
  3.0 180  47.5 123.38   1.84 17.4    .75 14.1
  3.0 180  52.5 123.85   1.86 17.5    .79 14.1
  3.0 180  57.5 124.27   1.78 17.6    .83 14.1
  3.0 180  62.5 124.58   1.58 17.5    .81 14.0
  3.0 180  67.5 124.74   1.30 16.8    .70 14.1
  3.0 180  72.5 124.83   1.10 15.5    .48 14.4
  3.0 180  77.5 124.63   1.00 14.3    .26 15.4
  3.0 180  82.5 124.63    .76 13.8    .16 16.8
  3.0 180  87.5 125.72    .39 14.1    .08 17.6
  3.0 210 -87.5 131.18    .19 16.9    .00 17.1
  3.0 210 -82.5 130.45    .36 16.5    .02 17.1
  3.0 210 -77.5 130.29    .70 16.2    .05 15.9
  3.0 210 -72.5 130.02   1.04 16.1    .08 14.5
  3.0 210 -67.5 129.48   1.35 16.3    .13 13.9
  3.0 210 -62.5 128.88   1.63 16.5    .20 13.4
  3.0 210 -57.5 128.22   1.90 16.7    .26 13.0
  3.0 210 -52.5 127.51   2.15 17.0    .30 12.7
  3.0 210 -47.5 126.77   2.36 17.1    .26 12.6
  3.0 210 -42.5 126.00   2.53 17.1    .14 12.7
  3.0 210 -37.5 125.23   2.65 17.1    .14 15.5
  3.0 210 -32.5 124.49   2.71 16.9    .38 18.1
  3.0 210 -27.5 123.81   2.74 16.7    .68 18.1
  3.0 210 -22.5 123.24   2.73 16.4    .94 18.1
  3.0 210 -17.5 122.84   2.68 16.1   1.13 18.0
  3.0 210 -12.5 122.58   2.57 15.8   1.23 17.9
  3.0 210  -7.5 122.48   2.37 15.6   1.24 17.7
  3.0 210  -2.5 122.53   2.09 15.4   1.17 17.5
  3.0 210   2.5 122.63   1.75 15.4   1.08 17.2
  3.0 210   7.5 122.76   1.39 15.5   1.03 16.8
  3.0 210  12.5 122.93   1.06 15.9   1.05 16.5
  3.0 210  17.5 123.11    .80 16.4   1.11 16.2
  3.0 210  22.5 123.31    .64 17.2   1.18 16.2
  3.0 210  27.5 123.51    .59 17.9   1.22 16.3
  3.0 210  32.5 123.65    .66 18.1   1.20 16.5
  3.0 210  37.5 123.65    .87 17.9   1.10 16.8
  3.0 210  42.5 123.47   1.22 17.7    .96 17.2
  3.0 210  47.5 123.12   1.63 17.5    .82 17.7
  3.0 210  52.5 122.57   2.03 17.4    .72 18.0
  3.0 210  57.5 121.82   2.39 17.4    .61 18.2
  3.0 210  62.5 120.85   2.64 17.3    .46 18.2
  3.0 210  67.5 119.74   2.78 17.3    .24 18.4
  3.0 210  72.5 118.51   2.78 17.4    .17 20.1
  3.0 210  77.5 116.87   2.50 17.6    .33 21.7
  3.0 210  82.5 115.39   1.84 17.8    .41 21.9
  3.0 210  87.5 115.46    .93 18.9    .20 21.9
  3.0 240 -87.5 137.22    .14 16.9    .00 19.0
  3.0 240 -82.5 136.48    .26 16.8    .01 19.0
  3.0 240 -77.5 136.08    .53 16.8    .04 17.1
  3.0 240 -72.5 135.45    .84 16.9    .11 15.0
  3.0 240 -67.5 134.56   1.15 17.1    .19 14.7
  3.0 240 -62.5 133.49   1.46 17.5    .25 14.7
  3.0 240 -57.5 132.31   1.76 17.7    .29 14.9
  3.0 240 -52.5 131.08   2.01 17.9    .32 15.3
  3.0 240 -47.5 129.80   2.20 17.9    .35 15.6
  3.0 240 -42.5 128.53   2.30 17.8    .38 16.0
  3.0 240 -37.5 127.29   2.32 17.5    .43 16.3
  3.0 240 -32.5 126.14   2.31 17.0    .49 16.7
  3.0 240 -27.5 125.12   2.28 16.4    .57 16.9
  3.0 240 -22.5 124.30   2.24 15.9    .62 17.0
  3.0 240 -17.5 123.68   2.16 15.3    .57 17.0
  3.0 240 -12.5 123.25   2.03 14.9    .39 16.7
  3.0 240  -7.5 122.95   1.88 14.8    .20 14.9
  3.0 240  -2.5 122.80   1.78 14.9    .21 12.4
  3.0 240   2.5 122.84   1.73 15.1    .35 22.9
  3.0 240   7.5 123.01   1.65 15.3    .40 22.4
  3.0 240  12.5 123.33   1.47 15.6    .40 22.1
  3.0 240  17.5 123.70   1.22 16.0    .38 22.0
  3.0 240  22.5 124.05    .96 16.5    .38 21.8
  3.0 240  27.5 124.38    .73 17.3    .41 21.5
  3.0 240  32.5 124.65    .59 18.7    .47 21.0
  3.0 240  37.5 124.82    .63 20.4    .51 20.6
  3.0 240  42.5 124.81    .86 21.4    .53 20.2
  3.0 240  47.5 124.51   1.18 21.4    .51 19.9
  3.0 240  52.5 123.80   1.56 20.8    .44 19.6
  3.0 240  57.5 122.61   1.98 20.0    .32 19.5
  3.0 240  62.5 120.86   2.44 19.2    .21 19.5
  3.0 240  67.5 118.69   2.91 18.6    .17 20.2
  3.0 240  72.5 116.26   3.22 18.4    .29 21.3
  3.0 240  77.5 113.65   3.09 18.4    .51 21.9
  3.0 240  82.5 111.63   2.36 18.3    .56 22.3
  3.0 240  87.5 111.34   1.22 18.5    .25 22.4
  3.0 270 -87.5 136.62    .15 15.7    .00 14.7
  3.0 270 -82.5 136.06    .29 15.6    .01 14.7
  3.0 270 -77.5 135.64    .57 15.4    .03 13.5
  3.0 270 -72.5 135.02    .85 15.2    .08 12.0
  3.0 270 -67.5 134.20   1.08 15.1    .17 11.7
  3.0 270 -62.5 133.24   1.24 14.9    .32 11.8
  3.0 270 -57.5 132.20   1.31 14.8    .52 11.9
  3.0 270 -52.5 131.11   1.30 14.8    .78 11.9
  3.0 270 -47.5 130.02   1.23 14.8   1.10 11.8
  3.0 270 -42.5 128.93   1.11 15.0   1.46 11.7
  3.0 270 -37.5 127.86    .99 15.2   1.83 11.6
  3.0 270 -32.5 126.83    .90 15.5   2.17 11.4
  3.0 270 -27.5 125.85    .85 15.7   2.45 11.3
  3.0 270 -22.5 124.93    .84 15.8   2.64 11.1
  3.0 270 -17.5 124.10    .85 15.5   2.70 23.0
  3.0 270 -12.5 123.42    .87 15.0   2.64 22.8
  3.0 270  -7.5 122.90    .88 14.4   2.50 22.6
  3.0 270  -2.5 122.55    .86 13.8   2.31 22.5
  3.0 270   2.5 122.33    .79 13.4   2.05 22.4
  3.0 270   7.5 122.26    .68 13.1   1.74 22.3
  3.0 270  12.5 122.37    .54 12.5   1.43 22.3
  3.0 270  17.5 122.77    .32 11.3   1.23 22.4
  3.0 270  22.5 123.39    .19 30.2   1.15 22.5
  3.0 270  27.5 124.03    .35 25.3   1.04 22.4
  3.0 270  32.5 124.62    .70 24.5    .77 22.2
  3.0 270  37.5 125.20   1.10 24.3    .42 21.3
  3.0 270  42.5 125.76   1.57 24.0    .36 19.2
  3.0 270  47.5 126.19   2.01 23.7    .69 17.7
  3.0 270  52.5 126.42   2.29 23.4   1.09 17.5
  3.0 270  57.5 126.44   2.35 23.0   1.42 17.6
  3.0 270  62.5 126.30   2.13 22.6   1.51 17.7
  3.0 270  67.5 125.82   1.57 22.3   1.24 17.6
  3.0 270  72.5 124.59    .86 21.8    .73 17.4
  3.0 270  77.5 122.19    .31 20.6    .30 16.9
  3.0 270  82.5 119.84    .07 20.3    .10 16.4
  3.0 270  87.5 119.58    .04 21.3    .02 16.2
  3.0 300 -87.5 135.59    .13 15.9    .00 12.8
  3.0 300 -82.5 134.94    .25 15.9    .02 12.8
  3.0 300 -77.5 134.53    .50 15.9    .06 12.5
  3.0 300 -72.5 133.95    .74 15.9    .13 12.0
  3.0 300 -67.5 133.17    .90 16.1    .26 11.7
  3.0 300 -62.5 132.27    .98 16.5    .46 11.6
  3.0 300 -57.5 131.31   1.01 17.0    .69 11.4
  3.0 300 -52.5 130.30   1.03 17.5    .97 11.2
  3.0 300 -47.5 129.22   1.03 17.9   1.26 11.1
  3.0 300 -42.5 128.12   1.01 18.2   1.56 23.0
  3.0 300 -37.5 127.05    .99 18.4   1.86 22.8
  3.0 300 -32.5 126.01    .98 18.3   2.12 22.7
  3.0 300 -27.5 125.03    .97 18.0   2.31 22.6
  3.0 300 -22.5 124.13    .98 17.4   2.37 22.4
  3.0 300 -17.5 123.34   1.00 16.7   2.31 22.3
  3.0 300 -12.5 122.65   1.02 15.7   2.14 22.2
  3.0 300  -7.5 122.12   1.03 14.8   1.89 22.2
  3.0 300  -2.5 121.77   1.00 14.1   1.62 22.2
  3.0 300   2.5 121.62    .90 13.8   1.38 22.2
  3.0 300   7.5 121.63    .72 14.0   1.13 22.3
  3.0 300  12.5 121.76    .51 14.7    .83 22.5
  3.0 300  17.5 122.06    .34 17.0    .60 22.9
  3.0 300  22.5 122.55    .40 20.4    .47 11.2
  3.0 300  27.5 123.18    .75 22.5    .37 11.4
  3.0 300  32.5 123.86   1.20 23.0    .21 11.9
  3.0 300  37.5 124.52   1.62 23.2    .17 14.3
  3.0 300  42.5 125.11   1.98 23.2    .38 16.4
  3.0 300  47.5 125.62   2.26 23.1    .71 16.7
  3.0 300  52.5 126.00   2.43 23.0   1.04 16.8
  3.0 300  57.5 126.18   2.41 23.0   1.27 16.9
  3.0 300  62.5 126.13   2.02 23.0   1.21 16.8
  3.0 300  67.5 125.63   1.26 22.8    .79 16.6
  3.0 300  72.5 124.36    .51 22.1    .32 15.1
  3.0 300  77.5 122.18    .13 18.9    .18 13.1
  3.0 300  82.5 120.18    .07 18.8    .17 12.4
  3.0 300  87.5 120.06    .10 22.6    .08 12.4
  3.0 330 -87.5 132.08    .16 16.8    .00 17.0
  3.0 330 -82.5 131.53    .30 16.7    .02 17.0
  3.0 330 -77.5 131.20    .58 16.6    .07 16.0
  3.0 330 -72.5 130.71    .90 16.8    .14 14.8
  3.0 330 -67.5 129.97   1.23 17.0    .24 14.6
  3.0 330 -62.5 129.09   1.56 17.3    .33 14.5
  3.0 330 -57.5 128.13   1.89 17.4    .42 14.5
  3.0 330 -52.5 127.11   2.18 17.5    .47 14.7
  3.0 330 -47.5 126.07   2.41 17.5    .51 15.1
  3.0 330 -42.5 125.05   2.56 17.3    .57 15.6
  3.0 330 -37.5 124.09   2.63 17.0    .67 16.1
  3.0 330 -32.5 123.24   2.64 16.7    .80 16.5
  3.0 330 -27.5 122.55   2.58 16.3    .89 16.7
  3.0 330 -22.5 122.05   2.47 16.0    .88 16.8
  3.0 330 -17.5 121.70   2.30 15.8    .76 16.8
  3.0 330 -12.5 121.47   2.12 15.7    .60 16.8
  3.0 330  -7.5 121.36   1.95 15.5    .48 16.8
  3.0 330  -2.5 121.39   1.78 15.4    .43 16.8
  3.0 330   2.5 121.53   1.57 15.4    .46 16.7
  3.0 330   7.5 121.75   1.32 15.5    .54 16.6
  3.0 330  12.5 121.98   1.06 15.7    .62 16.5
  3.0 330  17.5 122.20    .83 16.1    .68 16.5
  3.0 330  22.5 122.40    .67 16.6    .71 16.7
  3.0 330  27.5 122.56    .61 16.9    .72 17.1
  3.0 330  32.5 122.65    .70 17.2    .75 17.7
  3.0 330  37.5 122.63    .94 17.4    .79 18.2
  3.0 330  42.5 122.47   1.28 17.6    .84 18.6
  3.0 330  47.5 122.16   1.69 17.6    .88 19.0
  3.0 330  52.5 121.67   2.11 17.6    .92 19.2
  3.0 330  57.5 121.01   2.50 17.5    .92 19.2
  3.0 330  62.5 120.24   2.80 17.5    .82 19.2
  3.0 330  67.5 119.35   2.99 17.7    .66 19.4
  3.0 330  72.5 118.26   2.99 17.9    .52 20.0
  3.0 330  77.5 116.77   2.63 18.1    .49 21.0
  3.0 330  82.5 115.48   1.84 18.1    .44 21.7
  3.0 330  87.5 115.50    .86 18.6    .19 21.9
  3.0 360 -87.5 121.17    .50 15.5    .00 14.2
  3.0 360 -82.5 120.67    .92 15.7    .03 14.2
  3.0 360 -77.5 120.96   1.66 16.0    .10 13.2
  3.0 360 -72.5 121.49   2.21 16.5    .24 11.7
  3.0 360 -67.5 121.96   2.58 16.9    .51 22.9
  3.0 360 -62.5 122.42   2.84 17.1    .87 22.4
  3.0 360 -57.5 122.74   3.04 17.2   1.27 22.1
  3.0 360 -52.5 122.86   3.19 17.1   1.63 21.9
  3.0 360 -47.5 122.79   3.31 16.9   1.88 21.7
  3.0 360 -42.5 122.60   3.41 16.5   1.97 21.5
  3.0 360 -37.5 122.27   3.50 16.1   1.89 21.3
  3.0 360 -32.5 121.85   3.55 15.7   1.68 20.9
  3.0 360 -27.5 121.46   3.49 15.3   1.40 20.2
  3.0 360 -22.5 121.25   3.23 14.9   1.09 19.3
  3.0 360 -17.5 121.21   2.79 14.8    .84 18.2
  3.0 360 -12.5 121.27   2.33 14.9    .76 17.2
  3.0 360  -7.5 121.42   1.93 15.1    .81 16.4
  3.0 360  -2.5 121.64   1.59 15.2    .89 16.1
  3.0 360   2.5 121.77   1.33 15.3    .96 15.9
  3.0 360   7.5 121.77   1.27 15.4    .96 15.9
  3.0 360  12.5 121.75   1.42 15.4    .88 16.0
  3.0 360  17.5 121.78   1.69 15.4    .76 16.2
  3.0 360  22.5 121.82   2.02 15.4    .64 16.8
  3.0 360  27.5 121.83   2.45 15.3    .62 17.8
  3.0 360  32.5 121.86   2.99 15.2    .82 18.7
  3.0 360  37.5 122.02   3.48 15.3   1.14 19.3
  3.0 360  42.5 122.30   3.75 15.6   1.37 19.7
  3.0 360  47.5 122.58   3.82 16.1   1.45 19.9
  3.0 360  52.5 122.75   3.81 16.6   1.44 20.2
  3.0 360  57.5 122.74   3.76 17.1   1.33 20.5
  3.0 360  62.5 122.46   3.65 17.4   1.14 20.8
  3.0 360  67.5 121.96   3.43 17.6    .89 21.2
  3.0 360  72.5 121.34   3.05 17.5    .62 21.7
  3.0 360  77.5 120.42   2.46 17.2    .40 22.3
  3.0 360  82.5 119.72   1.72 16.5    .24 22.6
  3.0 360  87.5 120.06    .89 15.8    .08 22.7

