   .3  30 -87.5 102.40    .23 16.0    .00 12.2
   .3  30 -82.5 102.85    .44 16.3    .05 12.2
   .3  30 -77.5 104.03    .83 16.8    .10 12.4
   .3  30 -72.5 105.91   1.18 17.1    .08 12.4
   .3  30 -67.5 108.27   1.46 17.3    .10 11.4
   .3  30 -62.5 110.61   1.70 17.4    .23 22.4
   .3  30 -57.5 112.62   1.89 17.5    .43 22.1
   .3  30 -52.5 114.21   2.02 17.5    .66 21.9
   .3  30 -47.5 115.39   2.10 17.5    .85 21.7
   .3  30 -42.5 116.25   2.09 17.3    .94 21.5
   .3  30 -37.5 116.85   1.99 17.1    .91 21.2
   .3  30 -32.5 117.30   1.80 16.8    .75 20.9
   .3  30 -27.5 117.63   1.56 16.5    .49 20.6
   .3  30 -22.5 117.89   1.33 16.3    .18 19.8
   .3  30 -17.5 118.10   1.15 16.2    .12 16.7
   .3  30 -12.5 118.24   1.04 16.1    .28 14.1
   .3  30  -7.5 118.31   1.02 16.0    .37 13.7
   .3  30  -2.5 118.27   1.06 15.9    .37 13.3
   .3  30   2.5 118.16   1.15 15.7    .31 12.7
   .3  30   7.5 118.06   1.28 15.5    .27 11.6
   .3  30  12.5 118.05   1.45 15.5    .33 22.4
   .3  30  17.5 118.12   1.63 15.6    .49 21.7
   .3  30  22.5 118.22   1.83 15.8    .66 21.5
   .3  30  27.5 118.34   2.03 16.0    .80 21.5
   .3  30  32.5 118.46   2.21 16.3    .88 21.5
   .3  30  37.5 118.59   2.36 16.5    .90 21.7
   .3  30  42.5 118.72   2.46 16.6    .85 21.9
   .3  30  47.5 118.86   2.49 16.7    .76 22.1
   .3  30  52.5 118.98   2.46 16.7    .64 22.4
   .3  30  57.5 119.02   2.36 16.7    .51 22.7
   .3  30  62.5 119.00   2.21 16.6    .40 11.1
   .3  30  67.5 118.94   1.99 16.6    .31 11.4
   .3  30  72.5 118.80   1.71 16.5    .23 11.7
   .3  30  77.5 118.63   1.35 16.4    .17 12.0
   .3  30  82.5 118.52    .93 16.2    .10 12.1
   .3  30  87.5 118.56    .48 16.0    .03 12.2
   .3  60 -87.5 101.28    .18 16.4    .00 14.0
   .3  60 -82.5 101.62    .32 16.7    .06 14.0
   .3  60 -77.5 102.62    .58 17.2    .11 14.4
   .3  60 -72.5 104.15    .82 17.4    .09 15.4
   .3  60 -67.5 106.02   1.06 17.5    .06 15.8
   .3  60 -62.5 108.10   1.28 17.7    .06 13.6
   .3  60 -57.5 110.09   1.44 17.8    .21 11.6
   .3  60 -52.5 111.83   1.56 18.0    .48 11.5
   .3  60 -47.5 113.30   1.64 18.1    .80 11.5
   .3  60 -42.5 114.49   1.66 18.2   1.12 11.4
   .3  60 -37.5 115.42   1.61 18.1   1.40 11.3
   .3  60 -32.5 116.11   1.49 18.0   1.56 11.2
   .3  60 -27.5 116.61   1.32 17.6   1.59 11.2
   .3  60 -22.5 116.94   1.15 17.2   1.48 11.1
   .3  60 -17.5 117.16   1.00 16.6   1.26 11.1
   .3  60 -12.5 117.29    .90 16.1    .97 11.1
   .3  60  -7.5 117.33    .86 15.6    .66 22.9
   .3  60  -2.5 117.30    .87 15.4    .40 22.2
   .3  60   2.5 117.24    .94 15.3    .33 20.8
   .3  60   7.5 117.20   1.08 15.4    .46 19.6
   .3  60  12.5 117.23   1.27 15.6    .65 19.3
   .3  60  17.5 117.35   1.52 15.8    .79 19.4
   .3  60  22.5 117.55   1.79 16.0    .84 19.5
   .3  60  27.5 117.81   2.05 16.2    .81 19.8
   .3  60  32.5 118.19   2.27 16.4    .73 20.2
   .3  60  37.5 118.66   2.42 16.5    .61 20.6
   .3  60  42.5 119.19   2.51 16.5    .48 21.0
   .3  60  47.5 119.81   2.53 16.5    .36 21.5
   .3  60  52.5 120.47   2.48 16.4    .26 22.0
   .3  60  57.5 121.09   2.37 16.3    .18 22.6
   .3  60  62.5 121.68   2.19 16.1    .13 11.2
   .3  60  67.5 122.24   1.94 16.0    .10 11.8
   .3  60  72.5 122.69   1.63 15.9    .06 12.4
   .3  60  77.5 123.08   1.26 15.8    .03 12.4
   .3  60  82.5 123.36    .85 15.8    .03 11.0
   .3  60  87.5 123.53    .42 15.8    .01 22.0
   .3  90 -87.5 101.36    .12 16.8    .00 15.0
   .3  90 -82.5 101.62    .22 17.0    .03 15.0
   .3  90 -77.5 102.58    .43 17.3    .08 15.5
   .3  90 -72.5 104.09    .64 17.4    .10 16.5
   .3  90 -67.5 105.92    .87 17.5    .11 17.1
   .3  90 -62.5 107.89   1.10 17.6    .10 16.8
   .3  90 -57.5 109.76   1.28 17.7    .09 15.0
   .3  90 -52.5 111.42   1.40 17.9    .22 13.1
   .3  90 -47.5 112.85   1.47 18.1    .49 12.4
   .3  90 -42.5 114.05   1.46 18.2    .81 12.2
   .3  90 -37.5 115.00   1.40 18.3   1.10 11.9
   .3  90 -32.5 115.71   1.29 18.3   1.31 11.7
   .3  90 -27.5 116.19   1.13 18.1   1.39 11.5
   .3  90 -22.5 116.48    .97 17.7   1.36 11.2
   .3  90 -17.5 116.62    .84 17.1   1.25 22.9
   .3  90 -12.5 116.68    .77 16.4   1.14 22.6
   .3  90  -7.5 116.70    .76 15.8   1.09 22.2
   .3  90  -2.5 116.67    .80 15.4   1.10 21.8
   .3  90   2.5 116.63    .90 15.4   1.15 21.5
   .3  90   7.5 116.63   1.03 15.5   1.19 21.3
   .3  90  12.5 116.69   1.20 15.8   1.19 21.3
   .3  90  17.5 116.83   1.41 16.1   1.15 21.3
   .3  90  22.5 117.07   1.62 16.3   1.06 21.3
   .3  90  27.5 117.44   1.83 16.5    .95 21.4
   .3  90  32.5 117.91   2.01 16.6    .81 21.5
   .3  90  37.5 118.47   2.15 16.6    .68 21.6
   .3  90  42.5 119.14   2.24 16.5    .54 21.8
   .3  90  47.5 119.88   2.28 16.5    .41 21.9
   .3  90  52.5 120.64   2.26 16.4    .30 22.1
   .3  90  57.5 121.41   2.18 16.3    .21 22.3
   .3  90  62.5 122.15   2.03 16.2    .13 22.6
   .3  90  67.5 122.82   1.81 16.1    .08 23.0
   .3  90  72.5 123.42   1.54 16.0    .04 11.3
   .3  90  77.5 123.85   1.19 15.9    .03 11.2
   .3  90  82.5 124.16    .80 15.8    .03 22.5
   .3  90  87.5 124.43    .40 15.8    .01 22.1
   .3 120 -87.5 100.87    .16 16.6    .00 14.0
   .3 120 -82.5 101.25    .30 16.8    .04 14.0
   .3 120 -77.5 102.28    .57 17.2    .08 14.6
   .3 120 -72.5 103.96    .82 17.5    .08 15.7
   .3 120 -67.5 106.08   1.07 17.6    .07 16.3
   .3 120 -62.5 108.35   1.29 17.8    .05 14.1
   .3 120 -57.5 110.45   1.45 18.0    .15 11.7
   .3 120 -52.5 112.23   1.56 18.1    .39 11.5
   .3 120 -47.5 113.74   1.61 18.3    .68 11.4
   .3 120 -42.5 114.95   1.59 18.4    .97 11.3
   .3 120 -37.5 115.88   1.50 18.4   1.21 11.2
   .3 120 -32.5 116.54   1.35 18.3   1.36 11.0
   .3 120 -27.5 116.99   1.17 18.1   1.41 22.9
   .3 120 -22.5 117.26    .99 17.7   1.36 22.7
   .3 120 -17.5 117.40    .85 17.2   1.24 22.4
   .3 120 -12.5 117.45    .75 16.7   1.11 22.1
   .3 120  -7.5 117.45    .70 16.3   1.02 21.7
   .3 120  -2.5 117.40    .72 16.0   1.02 21.2
   .3 120   2.5 117.33    .79 15.9   1.10 20.8
   .3 120   7.5 117.32    .91 16.0   1.21 20.6
   .3 120  12.5 117.38   1.09 16.3   1.29 20.5
   .3 120  17.5 117.51   1.32 16.6   1.31 20.5
   .3 120  22.5 117.75   1.57 16.8   1.26 20.6
   .3 120  27.5 118.10   1.81 17.0   1.16 20.8
   .3 120  32.5 118.57   2.02 17.0   1.03 21.0
   .3 120  37.5 119.16   2.18 17.1    .87 21.1
   .3 120  42.5 119.84   2.28 17.0    .71 21.4
   .3 120  47.5 120.59   2.32 16.9    .55 21.6
   .3 120  52.5 121.35   2.31 16.8    .41 21.9
   .3 120  57.5 122.10   2.23 16.7    .29 22.2
   .3 120  62.5 122.80   2.09 16.5    .20 22.7
   .3 120  67.5 123.45   1.87 16.4    .14 11.3
   .3 120  72.5 123.97   1.59 16.3    .10 11.8
   .3 120  77.5 124.37   1.24 16.1    .07 11.9
   .3 120  82.5 124.65    .84 16.0    .05 11.3
   .3 120  87.5 124.89    .42 15.9    .02 22.8
   .3 150 -87.5 100.79    .25 16.2    .00 11.3
   .3 150 -82.5 101.22    .51 16.5    .05 11.3
   .3 150 -77.5 102.43   1.00 16.9    .09 11.3
   .3 150 -72.5 104.45   1.45 17.1    .09 22.8
   .3 150 -67.5 107.07   1.84 17.1    .14 22.0
   .3 150 -62.5 109.75   2.15 17.2    .29 21.6
   .3 150 -57.5 112.07   2.39 17.2    .46 21.5
   .3 150 -52.5 113.82   2.54 17.2    .62 21.3
   .3 150 -47.5 115.11   2.59 17.1    .70 21.2
   .3 150 -42.5 116.10   2.52 16.9    .68 20.9
   .3 150 -37.5 116.86   2.33 16.7    .53 20.6
   .3 150 -32.5 117.42   2.06 16.5    .28 19.9
   .3 150 -27.5 117.85   1.76 16.3    .18 17.1
   .3 150 -22.5 118.20   1.50 16.1    .38 14.5
   .3 150 -17.5 118.45   1.32 16.1    .62 14.0
   .3 150 -12.5 118.61   1.24 16.0    .77 13.7
   .3 150  -7.5 118.65   1.24 16.0    .83 13.4
   .3 150  -2.5 118.56   1.32 15.8    .83 13.1
   .3 150   2.5 118.41   1.45 15.7    .78 12.7
   .3 150   7.5 118.31   1.63 15.5    .75 12.1
   .3 150  12.5 118.33   1.84 15.5    .80 11.6
   .3 150  17.5 118.46   2.04 15.6    .95 11.1
   .3 150  22.5 118.62   2.22 15.8   1.14 22.9
   .3 150  27.5 118.80   2.37 16.1   1.30 22.9
   .3 150  32.5 118.99   2.50 16.2   1.36 11.0
   .3 150  37.5 119.21   2.58 16.4   1.33 11.2
   .3 150  42.5 119.49   2.63 16.4   1.21 11.3
   .3 150  47.5 119.86   2.65 16.4   1.04 11.5
   .3 150  52.5 120.26   2.63 16.4    .86 11.7
   .3 150  57.5 120.65   2.57 16.4    .68 11.8
   .3 150  62.5 121.03   2.45 16.3    .52 11.9
   .3 150  67.5 121.37   2.26 16.3    .38 12.0
   .3 150  72.5 121.64   1.97 16.2    .27 12.2
   .3 150  77.5 121.88   1.58 16.2    .18 12.4
   .3 150  82.5 122.07   1.12 16.0    .09 13.2
   .3 150  87.5 122.18    .60 15.9    .02 13.7
   .3 180 -87.5 110.97    .41 16.4    .00 22.5
   .3 180 -82.5 111.27    .78 16.5    .05 22.5
   .3 180 -77.5 112.44   1.48 16.7    .13 22.7
   .3 180 -72.5 114.10   2.07 16.8    .21 22.8
   .3 180 -67.5 115.81   2.51 16.9    .29 22.8
   .3 180 -62.5 117.27   2.79 16.9    .40 22.5
   .3 180 -57.5 118.34   2.96 17.0    .52 22.3
   .3 180 -52.5 119.06   3.04 17.0    .67 22.1
   .3 180 -47.5 119.53   3.04 17.0    .78 21.9
   .3 180 -42.5 119.79   2.95 16.9    .85 21.8
   .3 180 -37.5 119.92   2.79 16.8    .84 21.7
   .3 180 -32.5 119.99   2.56 16.6    .77 21.6
   .3 180 -27.5 120.02   2.28 16.5    .67 21.8
   .3 180 -22.5 120.02   2.00 16.4    .61 22.0
   .3 180 -17.5 120.00   1.76 16.3    .61 22.2
   .3 180 -12.5 119.96   1.59 16.3    .67 22.1
   .3 180  -7.5 119.92   1.47 16.2    .79 21.9
   .3 180  -2.5 119.85   1.41 15.9    .96 21.6
   .3 180   2.5 119.81   1.41 15.5   1.16 21.3
   .3 180   7.5 119.80   1.48 15.2   1.42 21.1
   .3 180  12.5 119.79   1.61 15.1   1.72 21.0
   .3 180  17.5 119.79   1.78 15.3   2.03 21.0
   .3 180  22.5 119.77   2.00 15.8   2.28 21.1
   .3 180  27.5 119.75   2.25 16.3   2.41 21.3
   .3 180  32.5 119.70   2.50 16.7   2.40 21.4
   .3 180  37.5 119.64   2.70 17.0   2.27 21.6
   .3 180  42.5 119.50   2.82 17.2   2.05 21.7
   .3 180  47.5 119.29   2.87 17.3   1.76 21.9
   .3 180  52.5 118.95   2.85 17.4   1.43 22.0
   .3 180  57.5 118.40   2.79 17.4   1.12 22.0
   .3 180  62.5 117.58   2.70 17.4    .84 22.1
   .3 180  67.5 116.52   2.55 17.3    .61 22.1
   .3 180  72.5 115.37   2.31 17.3    .43 22.2
   .3 180  77.5 114.34   1.92 17.1    .29 22.2
   .3 180  82.5 113.72   1.38 16.8    .18 22.2
   .3 180  87.5 113.74    .75 16.2    .06 22.3
   .3 210 -87.5 123.79    .34 16.0    .00 13.9
   .3 210 -82.5 123.71    .64 15.9    .02 13.9
   .3 210 -77.5 123.73   1.21 16.0    .08 13.2
   .3 210 -72.5 123.76   1.74 16.1    .17 12.4
   .3 210 -67.5 123.78   2.19 16.1    .27 12.1
   .3 210 -62.5 123.78   2.54 16.2    .38 12.0
   .3 210 -57.5 123.74   2.80 16.2    .51 11.9
   .3 210 -52.5 123.65   2.96 16.2    .65 11.7
   .3 210 -47.5 123.53   3.04 16.2    .77 11.6
   .3 210 -42.5 123.42   3.06 16.2    .88 11.5
   .3 210 -37.5 123.30   3.01 16.1    .95 11.5
   .3 210 -32.5 123.17   2.90 16.0    .98 11.5
   .3 210 -27.5 123.07   2.74 15.9    .99 11.6
   .3 210 -22.5 123.01   2.53 15.7   1.00 11.7
   .3 210 -17.5 122.97   2.29 15.6   1.04 11.9
   .3 210 -12.5 122.97   2.04 15.6   1.10 12.0
   .3 210  -7.5 122.99   1.80 15.6   1.15 12.1
   .3 210  -2.5 123.03   1.60 15.7   1.15 12.1
   .3 210   2.5 123.05   1.44 15.7   1.09 12.0
   .3 210   7.5 123.03   1.34 15.7    .97 12.0
   .3 210  12.5 122.93   1.29 15.7    .81 11.9
   .3 210  17.5 122.77   1.33 15.8    .65 11.5
   .3 210  22.5 122.50   1.48 16.0    .55 22.9
   .3 210  27.5 122.13   1.72 16.2    .60 22.1
   .3 210  32.5 121.62   2.03 16.4    .77 21.6
   .3 210  37.5 120.93   2.35 16.7    .94 21.4
   .3 210  42.5 120.04   2.62 16.9   1.04 21.4
   .3 210  47.5 118.94   2.79 17.0   1.03 21.5
   .3 210  52.5 117.57   2.86 17.1    .93 21.5
   .3 210  57.5 115.83   2.82 17.2    .75 21.6
   .3 210  62.5 113.69   2.68 17.2    .53 21.6
   .3 210  67.5 111.23   2.46 17.1    .32 21.8
   .3 210  72.5 108.59   2.14 17.1    .16 22.3
   .3 210  77.5 106.18   1.72 17.0    .11 11.1
   .3 210  82.5 104.55   1.21 16.8    .12 11.5
   .3 210  87.5 104.17    .63 16.4    .06 11.5
   .3 240 -87.5 130.31    .27 15.9    .00 17.2
   .3 240 -82.5 130.04    .52 15.8    .01 17.2
   .3 240 -77.5 129.73   1.02 15.6    .03 15.7
   .3 240 -72.5 129.26   1.49 15.6    .05 13.8
   .3 240 -67.5 128.68   1.90 15.7    .11 13.1
   .3 240 -62.5 128.04   2.23 15.7    .21 12.5
   .3 240 -57.5 127.36   2.50 15.8    .32 12.3
   .3 240 -52.5 126.71   2.71 15.8    .44 12.1
   .3 240 -47.5 126.10   2.86 15.8    .57 11.9
   .3 240 -42.5 125.52   2.94 15.9    .66 11.8
   .3 240 -37.5 125.01   2.96 15.8    .72 11.8
   .3 240 -32.5 124.58   2.91 15.8    .73 11.8
   .3 240 -27.5 124.22   2.79 15.7    .71 11.9
   .3 240 -22.5 123.97   2.60 15.6    .71 12.1
   .3 240 -17.5 123.81   2.36 15.5    .76 12.3
   .3 240 -12.5 123.73   2.09 15.5    .83 12.3
   .3 240  -7.5 123.72   1.82 15.6    .90 12.2
   .3 240  -2.5 123.74   1.58 15.6    .93 12.1
   .3 240   2.5 123.77   1.38 15.6    .92 11.8
   .3 240   7.5 123.79   1.22 15.6    .88 11.6
   .3 240  12.5 123.78   1.10 15.6    .83 11.2
   .3 240  17.5 123.68   1.05 15.7    .79 22.8
   .3 240  22.5 123.42   1.09 15.9    .83 22.2
   .3 240  27.5 122.97   1.25 16.3    .97 21.7
   .3 240  32.5 122.29   1.55 16.7   1.20 21.5
   .3 240  37.5 121.37   1.92 17.1   1.41 21.4
   .3 240  42.5 120.16   2.27 17.4   1.51 21.5
   .3 240  47.5 118.64   2.47 17.6   1.44 21.6
   .3 240  52.5 116.77   2.49 17.7   1.19 21.6
   .3 240  57.5 114.57   2.34 17.7    .84 21.6
   .3 240  62.5 112.00   2.09 17.6    .48 21.5
   .3 240  67.5 109.22   1.78 17.4    .19 21.4
   .3 240  72.5 106.45   1.44 17.3    .05 11.6
   .3 240  77.5 104.17   1.08 17.2    .06 13.2
   .3 240  82.5 102.78    .73 16.8    .11 12.3
   .3 240  87.5 102.43    .37 16.0    .07 12.1
   .3 270 -87.5 130.97    .25 15.8    .00 20.5
   .3 270 -82.5 130.65    .51 15.7    .02 20.5
   .3 270 -77.5 130.33   1.05 15.6    .04 20.5
   .3 270 -72.5 129.86   1.56 15.7    .05 20.7
   .3 270 -67.5 129.23   2.01 15.7    .06 21.2
   .3 270 -62.5 128.50   2.36 15.8    .09 22.2
   .3 270 -57.5 127.72   2.62 15.9    .14 22.9
   .3 270 -52.5 126.92   2.80 16.0    .23 23.0
   .3 270 -47.5 126.15   2.91 16.1    .35 22.8
   .3 270 -42.5 125.43   2.98 16.3    .48 22.5
   .3 270 -37.5 124.75   3.00 16.4    .61 22.1
   .3 270 -32.5 124.11   2.99 16.5    .75 21.6
   .3 270 -27.5 123.54   2.91 16.5    .87 21.1
   .3 270 -22.5 123.08   2.75 16.3    .98 20.7
   .3 270 -17.5 122.78   2.50 16.1   1.04 20.3
   .3 270 -12.5 122.63   2.17 15.9   1.04 20.1
   .3 270  -7.5 122.59   1.82 15.7    .99 20.0
   .3 270  -2.5 122.64   1.49 15.5    .90 20.1
   .3 270   2.5 122.72   1.22 15.4    .81 20.4
   .3 270   7.5 122.81   1.03 15.3    .75 20.8
   .3 270  12.5 122.88    .92 15.4    .77 21.4
   .3 270  17.5 122.90    .90 15.7    .89 21.9
   .3 270  22.5 122.83    .99 16.2   1.09 22.2
   .3 270  27.5 122.59   1.18 16.9   1.34 22.5
   .3 270  32.5 122.12   1.47 17.5   1.56 22.7
   .3 270  37.5 121.34   1.79 18.0   1.66 22.9
   .3 270  42.5 120.19   2.06 18.3   1.56 11.1
   .3 270  47.5 118.66   2.20 18.3   1.25 11.2
   .3 270  52.5 116.75   2.21 18.2    .82 11.3
   .3 270  57.5 114.51   2.10 18.0    .40 22.8
   .3 270  62.5 112.02   1.90 17.8    .17 21.2
   .3 270  67.5 109.44   1.62 17.6    .15 19.4
   .3 270  72.5 107.02   1.29 17.5    .15 18.4
   .3 270  77.5 105.11    .96 17.3    .10 16.8
   .3 270  82.5 104.01    .67 16.9    .08 14.7
   .3 270  87.5 103.83    .36 16.4    .05 13.8
   .3 300 -87.5 128.42    .28 16.0    .00 18.7
   .3 300 -82.5 128.16    .55 15.9    .02 18.7
   .3 300 -77.5 127.87   1.09 15.7    .02 17.5
   .3 300 -72.5 127.46   1.61 15.6    .03 15.4
   .3 300 -67.5 126.94   2.06 15.6    .07 13.7
   .3 300 -62.5 126.36   2.44 15.7    .15 12.7
   .3 300 -57.5 125.75   2.75 15.7    .24 12.5
   .3 300 -52.5 125.17   2.98 15.8    .34 12.4
   .3 300 -47.5 124.62   3.13 15.8    .42 12.2
   .3 300 -42.5 124.09   3.20 15.9    .44 12.2
   .3 300 -37.5 123.57   3.20 15.8    .39 12.2
   .3 300 -32.5 123.10   3.13 15.8    .30 12.5
   .3 300 -27.5 122.70   2.97 15.7    .24 13.5
   .3 300 -22.5 122.40   2.73 15.5    .30 14.5
   .3 300 -17.5 122.22   2.42 15.4    .42 14.8
   .3 300 -12.5 122.14   2.07 15.4    .52 14.5
   .3 300  -7.5 122.10   1.74 15.5    .56 14.0
   .3 300  -2.5 122.11   1.46 15.5    .56 13.5
   .3 300   2.5 122.13   1.26 15.4    .55 12.8
   .3 300   7.5 122.15   1.13 15.3    .56 12.1
   .3 300  12.5 122.15   1.05 15.1    .62 11.3
   .3 300  17.5 122.09   1.05 15.2    .77 22.7
   .3 300  22.5 121.88   1.14 15.5   1.02 22.2
   .3 300  27.5 121.49   1.34 16.0   1.34 22.0
   .3 300  32.5 120.91   1.65 16.7   1.64 21.9
   .3 300  37.5 120.08   2.02 17.3   1.83 21.9
   .3 300  42.5 118.90   2.34 17.7   1.84 22.0
   .3 300  47.5 117.41   2.52 17.9   1.65 22.1
   .3 300  52.5 115.59   2.53 17.9   1.28 22.2
   .3 300  57.5 113.40   2.39 17.9    .84 22.1
   .3 300  62.5 110.86   2.15 17.7    .45 21.6
   .3 300  67.5 108.10   1.87 17.6    .20 20.6
   .3 300  72.5 105.41   1.54 17.4    .08 18.7
   .3 300  77.5 103.43   1.18 17.3    .07 15.5
   .3 300  82.5 102.44    .83 16.8    .11 13.1
   .3 300  87.5 102.26    .46 16.1    .07 12.6
   .3 330 -87.5 123.89    .33 16.2    .00 14.9
   .3 330 -82.5 123.73    .62 16.1    .02 14.9
   .3 330 -77.5 123.56   1.16 16.0    .07 14.0
   .3 330 -72.5 123.31   1.66 16.1    .15 12.8
   .3 330 -67.5 123.03   2.08 16.1    .23 12.6
   .3 330 -62.5 122.74   2.41 16.1    .32 12.4
   .3 330 -57.5 122.43   2.65 16.1    .43 12.3
   .3 330 -52.5 122.13   2.80 16.1    .54 12.2
   .3 330 -47.5 121.83   2.88 16.1    .65 12.1
   .3 330 -42.5 121.55   2.88 16.1    .73 12.0
   .3 330 -37.5 121.31   2.83 16.0    .79 12.0
   .3 330 -32.5 121.13   2.72 15.9    .83 12.1
   .3 330 -27.5 121.03   2.56 15.8    .86 12.3
   .3 330 -22.5 120.96   2.35 15.7    .90 12.5
   .3 330 -17.5 120.93   2.11 15.7    .95 12.6
   .3 330 -12.5 120.91   1.86 15.7    .98 12.6
   .3 330  -7.5 120.92   1.64 15.8    .96 12.6
   .3 330  -2.5 120.94   1.45 15.8    .87 12.6
   .3 330   2.5 120.97   1.30 15.8    .73 12.5
   .3 330   7.5 120.98   1.20 15.7    .55 12.4
   .3 330  12.5 120.91   1.17 15.7    .35 12.0
   .3 330  17.5 120.76   1.23 15.8    .25 22.7
   .3 330  22.5 120.50   1.38 16.0    .34 21.3
   .3 330  27.5 120.11   1.63 16.2    .58 20.8
   .3 330  32.5 119.58   1.93 16.5    .80 20.9
   .3 330  37.5 118.89   2.22 16.7    .96 21.0
   .3 330  42.5 118.01   2.46 16.9   1.03 21.1
   .3 330  47.5 116.91   2.60 17.1    .99 21.3
   .3 330  52.5 115.53   2.64 17.2    .86 21.4
   .3 330  57.5 113.82   2.58 17.2    .68 21.5
   .3 330  62.5 111.74   2.43 17.2    .46 21.5
   .3 330  67.5 109.34   2.20 17.1    .26 21.6
   .3 330  72.5 106.81   1.90 17.1    .12 22.1
   .3 330  77.5 104.67   1.51 16.9    .09 22.9
   .3 330  82.5 103.36   1.05 16.7    .11 11.3
   .3 330  87.5 103.05    .52 16.1    .06 11.2
   .3 360 -87.5 113.53    .43 16.6    .00 11.7
   .3 360 -82.5 113.76    .78 16.7    .03 11.7
   .3 360 -77.5 114.43   1.43 16.8    .11 11.7
   .3 360 -72.5 115.29   1.95 16.8    .21 11.8
   .3 360 -67.5 116.16   2.32 16.8    .30 11.8
   .3 360 -62.5 117.03   2.55 16.8    .40 11.7
   .3 360 -57.5 117.80   2.68 16.7    .50 11.7
   .3 360 -52.5 118.42   2.74 16.7    .63 11.5
   .3 360 -47.5 118.92   2.74 16.7    .76 11.4
   .3 360 -42.5 119.25   2.69 16.6    .87 11.4
   .3 360 -37.5 119.48   2.59 16.5    .95 11.4
   .3 360 -32.5 119.64   2.46 16.3    .98 11.5
   .3 360 -27.5 119.75   2.28 16.1    .98 11.7
   .3 360 -22.5 119.84   2.08 16.0    .98 12.1
   .3 360 -17.5 119.91   1.87 15.8   1.01 12.4
   .3 360 -12.5 119.97   1.66 15.8   1.07 12.8
   .3 360  -7.5 120.06   1.48 15.8   1.10 13.0
   .3 360  -2.5 120.14   1.37 15.8   1.07 13.1
   .3 360   2.5 120.12   1.32 15.8    .96 13.2
   .3 360   7.5 120.02   1.34 15.6    .78 13.3
   .3 360  12.5 119.89   1.44 15.5    .55 13.2
   .3 360  17.5 119.79   1.61 15.5    .33 12.5
   .3 360  22.5 119.68   1.82 15.7    .28 22.9
   .3 360  27.5 119.52   2.07 15.9    .43 21.7
   .3 360  32.5 119.30   2.32 16.1    .61 21.5
   .3 360  37.5 118.99   2.55 16.4    .72 21.5
   .3 360  42.5 118.58   2.74 16.5    .74 21.5
   .3 360  47.5 118.03   2.87 16.7    .71 21.7
   .3 360  52.5 117.32   2.94 16.7    .63 21.9
   .3 360  57.5 116.43   2.93 16.8    .53 22.1
   .3 360  62.5 115.28   2.84 16.8    .44 22.4
   .3 360  67.5 113.91   2.65 16.8    .36 22.8
   .3 360  72.5 112.40   2.35 16.8    .30 11.1
   .3 360  77.5 110.86   1.92 16.7    .23 11.2
   .3 360  82.5 109.73   1.35 16.6    .14 11.1
   .3 360  87.5 109.50    .70 16.5    .05 23.0
  1.0  30 -87.5 103.65    .25 15.6    .00 12.4
  1.0  30 -82.5 104.02    .45 16.0    .09 12.4
  1.0  30 -77.5 105.33    .82 16.7    .19 12.4
  1.0  30 -72.5 107.43   1.15 17.2    .18 12.3
  1.0  30 -67.5 109.94   1.46 17.5    .18 11.5
  1.0  30 -62.5 112.37   1.74 17.6    .33 22.5
  1.0  30 -57.5 114.38   1.97 17.7    .61 22.0
  1.0  30 -52.5 115.91   2.14 17.7    .93 21.7
  1.0  30 -47.5 117.11   2.22 17.6   1.20 21.5
  1.0  30 -42.5 118.02   2.19 17.3   1.34 21.2
  1.0  30 -37.5 118.65   2.03 17.0   1.28 21.0
  1.0  30 -32.5 119.08   1.79 16.5   1.02 20.7
  1.0  30 -27.5 119.38   1.55 15.9    .61 20.2
  1.0  30 -22.5 119.64   1.34 15.6    .27 17.8
  1.0  30 -17.5 119.88   1.19 15.5    .36 15.1
  1.0  30 -12.5 120.04   1.09 15.6    .66 14.5
  1.0  30  -7.5 120.08   1.07 15.8    .83 14.3
  1.0  30  -2.5 120.01   1.11 15.7    .84 14.3
  1.0  30   2.5 119.87   1.22 15.5    .70 14.2
  1.0  30   7.5 119.75   1.38 15.3    .45 14.1
  1.0  30  12.5 119.72   1.56 15.3    .22 12.2
  1.0  30  17.5 119.81   1.74 15.4    .33 22.0
  1.0  30  22.5 119.97   1.92 15.7    .66 21.6
  1.0  30  27.5 120.16   2.08 16.1    .92 21.7
  1.0  30  32.5 120.35   2.22 16.4   1.05 21.9
  1.0  30  37.5 120.55   2.33 16.6   1.06 22.1
  1.0  30  42.5 120.75   2.40 16.8    .98 22.3
  1.0  30  47.5 120.98   2.42 16.8    .84 22.6
  1.0  30  52.5 121.22   2.40 16.8    .68 22.8
  1.0  30  57.5 121.44   2.33 16.7    .53 11.1
  1.0  30  62.5 121.63   2.21 16.6    .40 11.3
  1.0  30  67.5 121.78   2.02 16.5    .30 11.6
  1.0  30  72.5 121.94   1.75 16.5    .22 11.8
  1.0  30  77.5 122.13   1.39 16.4    .15 12.0
  1.0  30  82.5 122.31    .97 16.2    .09 12.4
  1.0  30  87.5 122.48    .51 16.0    .02 12.6
  1.0  60 -87.5 102.55    .13 16.1    .00 12.8
  1.0  60 -82.5 102.88    .26 16.4    .03 12.8
  1.0  60 -77.5 104.06    .52 16.9    .05 13.4
  1.0  60 -72.5 105.93    .78 17.4    .04 15.0
  1.0  60 -67.5 108.18   1.04 17.7    .03 18.1
  1.0  60 -62.5 110.44   1.30 18.0    .09 20.9
  1.0  60 -57.5 112.46   1.54 18.2    .26 21.7
  1.0  60 -52.5 114.11   1.74 18.3    .48 22.0
  1.0  60 -47.5 115.42   1.86 18.3    .69 21.9
  1.0  60 -42.5 116.43   1.86 18.2    .82 21.7
  1.0  60 -37.5 117.18   1.74 18.0    .83 21.4
  1.0  60 -32.5 117.71   1.51 17.8    .75 20.9
  1.0  60 -27.5 118.09   1.26 17.4    .65 20.2
  1.0  60 -22.5 118.36   1.03 17.1    .62 19.3
  1.0  60 -17.5 118.58    .89 16.8    .72 18.5
  1.0  60 -12.5 118.72    .85 16.4    .89 18.2
  1.0  60  -7.5 118.75    .90 16.0   1.08 18.1
  1.0  60  -2.5 118.67   1.03 15.6   1.22 18.3
  1.0  60   2.5 118.56   1.22 15.4   1.33 18.6
  1.0  60   7.5 118.51   1.44 15.5   1.44 19.0
  1.0  60  12.5 118.52   1.69 15.6   1.55 19.4
  1.0  60  17.5 118.62   1.94 15.9   1.63 19.8
  1.0  60  22.5 118.81   2.16 16.2   1.65 20.2
  1.0  60  27.5 119.10   2.34 16.4   1.59 20.5
  1.0  60  32.5 119.49   2.45 16.6   1.46 20.8
  1.0  60  37.5 120.00   2.50 16.8   1.28 21.0
  1.0  60  42.5 120.58   2.51 16.8   1.07 21.1
  1.0  60  47.5 121.23   2.48 16.8    .84 21.3
  1.0  60  52.5 121.92   2.42 16.8    .62 21.4
  1.0  60  57.5 122.59   2.32 16.6    .42 21.5
  1.0  60  62.5 123.24   2.17 16.5    .27 21.7
  1.0  60  67.5 123.84   1.97 16.3    .15 22.1
  1.0  60  72.5 124.37   1.69 16.1    .09 22.4
  1.0  60  77.5 124.79   1.34 15.9    .07 22.6
  1.0  60  82.5 125.07    .91 15.7    .06 22.7
  1.0  60  87.5 125.29    .46 15.4    .03 22.6
  1.0  90 -87.5 109.93    .73 15.7    .00 21.8
  1.0  90 -82.5 110.40   1.34 16.1    .27 21.8
  1.0  90 -77.5 112.14   2.36 16.8    .64 21.6
  1.0  90 -72.5 113.98   2.92 17.4    .72 21.3
  1.0  90 -67.5 115.18   2.92 17.9    .68 20.7
  1.0  90 -62.5 115.88   2.58 18.5    .75 19.9
  1.0  90 -57.5 116.19   2.15 19.1    .99 19.4
  1.0  90 -52.5 116.25   1.70 19.7   1.28 19.2
  1.0  90 -47.5 116.11   1.20 20.1   1.54 19.1
  1.0  90 -42.5 115.88    .71 20.6   1.74 19.1
  1.0  90 -37.5 115.60    .31 23.3   1.87 19.2
  1.0  90 -32.5 115.22    .25 28.1   1.92 19.3
  1.0  90 -27.5 114.74    .42 31.5   1.90 19.4
  1.0  90 -22.5 114.31    .54 33.3   1.88 19.6
  1.0  90 -17.5 114.14    .59 11.2   2.00 20.0
  1.0  90 -12.5 114.16    .62 12.8   2.23 20.3
  1.0  90  -7.5 114.22    .64 13.6   2.42 20.7
  1.0  90  -2.5 114.31    .66 13.7   2.47 21.1
  1.0  90   2.5 114.50    .71 13.7   2.40 21.4
  1.0  90   7.5 114.81    .79 14.2   2.26 21.8
  1.0  90  12.5 115.24    .89 14.8   2.09 22.1
  1.0  90  17.5 115.77    .99 15.3   1.89 22.4
  1.0  90  22.5 116.39   1.09 15.7   1.68 22.8
  1.0  90  27.5 117.13   1.20 15.8   1.48 11.2
  1.0  90  32.5 117.93   1.32 15.8   1.28 11.6
  1.0  90  37.5 118.77   1.46 15.7   1.08 11.9
  1.0  90  42.5 119.68   1.59 15.5    .90 12.2
  1.0  90  47.5 120.61   1.71 15.5    .72 12.4
  1.0  90  52.5 121.55   1.78 15.4    .56 12.5
  1.0  90  57.5 122.45   1.79 15.4    .41 12.6
  1.0  90  62.5 123.30   1.72 15.5    .28 12.6
  1.0  90  67.5 124.05   1.59 15.5    .16 12.6
  1.0  90  72.5 124.74   1.38 15.6    .07 12.8
  1.0  90  77.5 125.25   1.10 15.7    .03 14.5
  1.0  90  82.5 125.62    .77 15.8    .02 17.0
  1.0  90  87.5 126.00    .41 16.1    .01 17.9
  1.0 120 -87.5 104.39    .25 16.3    .00 22.5
  1.0 120 -82.5 104.96    .57 16.7    .10 22.5
  1.0 120 -77.5 106.92   1.22 17.2    .21 22.3
  1.0 120 -72.5 109.62   1.83 17.6    .23 21.9
  1.0 120 -67.5 112.28   2.28 17.8    .28 21.4
  1.0 120 -62.5 114.44   2.49 18.0    .39 20.9
  1.0 120 -57.5 115.94   2.41 18.1    .57 20.5
  1.0 120 -52.5 116.87   2.10 18.2    .80 20.2
  1.0 120 -47.5 117.33   1.65 18.3   1.07 19.9
  1.0 120 -42.5 117.45   1.18 18.3   1.32 19.6
  1.0 120 -37.5 117.29    .76 18.4   1.53 19.4
  1.0 120 -32.5 116.96    .44 18.6   1.65 19.3
  1.0 120 -27.5 116.51    .22 18.6   1.70 19.2
  1.0 120 -22.5 116.04    .12 17.3   1.70 19.3
  1.0 120 -17.5 115.62    .15 15.4   1.68 19.3
  1.0 120 -12.5 115.25    .29 15.0   1.65 19.5
  1.0 120  -7.5 114.97    .51 15.4   1.60 19.8
  1.0 120  -2.5 114.82    .74 15.7   1.57 20.1
  1.0 120   2.5 114.85    .94 15.8   1.59 20.3
  1.0 120   7.5 115.07   1.09 15.9   1.64 20.5
  1.0 120  12.5 115.47   1.18 16.0   1.68 20.7
  1.0 120  17.5 116.06   1.23 16.2   1.69 20.8
  1.0 120  22.5 116.82   1.22 16.6   1.67 21.0
  1.0 120  27.5 117.71   1.20 17.2   1.62 21.1
  1.0 120  32.5 118.72   1.19 17.8   1.53 21.3
  1.0 120  37.5 119.82   1.18 18.4   1.39 21.5
  1.0 120  42.5 120.92   1.18 18.7   1.21 21.7
  1.0 120  47.5 122.02   1.17 18.8   1.01 21.8
  1.0 120  52.5 123.09   1.15 18.7    .80 21.9
  1.0 120  57.5 124.14   1.12 18.3    .61 21.8
  1.0 120  62.5 125.14   1.07 17.9    .44 21.6
  1.0 120  67.5 126.05   1.00 17.5    .31 21.4
  1.0 120  72.5 126.87    .89 17.1    .19 21.1
  1.0 120  77.5 127.51    .73 16.9    .10 20.9
  1.0 120  82.5 127.95    .52 16.8    .04 19.6
  1.0 120  87.5 128.37    .27 17.0    .01 18.4
  1.0 150 -87.5 106.20    .61 16.0    .00 14.7
  1.0 150 -82.5 106.28    .97 16.3    .07 14.7
  1.0 150 -77.5 107.65   1.50 16.9    .13 15.0
  1.0 150 -72.5 109.63   1.79 17.3    .10 16.0
  1.0 150 -67.5 111.65   2.01 17.5    .12 13.7
  1.0 150 -62.5 113.53   2.18 17.5    .34 22.9
  1.0 150 -57.5 115.07   2.27 17.5    .76 11.2
  1.0 150 -52.5 116.26   2.32 17.5   1.27 11.4
  1.0 150 -47.5 117.22   2.35 17.5   1.81 11.4
  1.0 150 -42.5 117.96   2.35 17.6   2.28 11.4
  1.0 150 -37.5 118.48   2.32 17.4   2.58 11.3
  1.0 150 -32.5 118.77   2.26 17.2   2.64 11.3
  1.0 150 -27.5 118.86   2.15 16.9   2.48 11.2
  1.0 150 -22.5 118.85   2.00 16.5   2.14 11.1
  1.0 150 -17.5 118.83   1.81 16.1   1.70 22.9
  1.0 150 -12.5 118.82   1.62 15.9   1.25 22.7
  1.0 150  -7.5 118.82   1.44 15.8    .89 22.1
  1.0 150  -2.5 118.85   1.33 15.6    .77 21.1
  1.0 150   2.5 118.89   1.31 15.5    .93 20.2
  1.0 150   7.5 118.93   1.39 15.4   1.24 19.8
  1.0 150  12.5 119.00   1.56 15.4   1.50 19.8
  1.0 150  17.5 119.11   1.82 15.7   1.68 20.0
  1.0 150  22.5 119.31   2.15 16.0   1.80 20.3
  1.0 150  27.5 119.64   2.48 16.4   1.88 20.7
  1.0 150  32.5 120.07   2.74 16.7   1.87 21.1
  1.0 150  37.5 120.58   2.90 16.9   1.77 21.5
  1.0 150  42.5 121.14   2.95 17.1   1.60 21.8
  1.0 150  47.5 121.69   2.95 17.1   1.36 22.1
  1.0 150  52.5 122.24   2.91 17.0   1.09 22.3
  1.0 150  57.5 122.75   2.86 16.9    .80 22.5
  1.0 150  62.5 123.21   2.78 16.7    .54 22.5
  1.0 150  67.5 123.61   2.63 16.6    .34 22.5
  1.0 150  72.5 123.98   2.37 16.4    .19 22.4
  1.0 150  77.5 124.28   1.95 16.2    .10 22.6
  1.0 150  82.5 124.51   1.40 16.0    .04 22.4
  1.0 150  87.5 124.79    .74 15.9    .01 22.2
  1.0 180 -87.5 116.27    .39 15.5    .00 13.1
  1.0 180 -82.5 116.18    .68 15.9    .07 13.1
  1.0 180 -77.5 116.95   1.21 16.6    .23 12.7
  1.0 180 -72.5 118.01   1.69 17.1    .42 12.1
  1.0 180 -67.5 118.93   2.10 17.4    .63 11.6
  1.0 180 -62.5 119.71   2.42 17.6    .85 11.2
  1.0 180 -57.5 120.27   2.64 17.6   1.11 22.9
  1.0 180 -52.5 120.65   2.80 17.5   1.41 22.6
  1.0 180 -47.5 120.91   2.88 17.3   1.70 22.5
  1.0 180 -42.5 121.08   2.90 16.9   1.92 22.4
  1.0 180 -37.5 121.17   2.86 16.4   1.96 22.4
  1.0 180 -32.5 121.19   2.79 15.9   1.78 22.5
  1.0 180 -27.5 121.15   2.72 15.3   1.43 22.8
  1.0 180 -22.5 121.12   2.62 14.9   1.12 11.4
  1.0 180 -17.5 121.14   2.47 14.7   1.02 12.3
  1.0 180 -12.5 121.25   2.26 14.8   1.10 12.9
  1.0 180  -7.5 121.43   2.05 15.0   1.21 13.4
  1.0 180  -2.5 121.61   1.87 15.2   1.25 13.7
  1.0 180   2.5 121.66   1.76 15.2   1.20 13.9
  1.0 180   7.5 121.57   1.72 15.1   1.06 14.2
  1.0 180  12.5 121.47   1.76 14.8    .86 14.6
  1.0 180  17.5 121.42   1.87 14.5    .61 15.4
  1.0 180  22.5 121.49   2.02 14.4    .49 17.1
  1.0 180  27.5 121.59   2.22 14.7    .70 18.9
  1.0 180  32.5 121.67   2.47 15.2   1.15 19.9
  1.0 180  37.5 121.68   2.79 15.8   1.56 20.4
  1.0 180  42.5 121.59   3.10 16.4   1.78 20.7
  1.0 180  47.5 121.41   3.30 16.9   1.78 21.0
  1.0 180  52.5 121.10   3.36 17.2   1.60 21.3
  1.0 180  57.5 120.62   3.27 17.3   1.30 21.6
  1.0 180  62.5 120.04   3.07 17.4    .96 21.9
  1.0 180  67.5 119.40   2.80 17.4    .66 22.4
  1.0 180  72.5 118.70   2.43 17.3    .45 11.0
  1.0 180  77.5 117.98   1.96 17.0    .33 11.5
  1.0 180  82.5 117.54   1.41 16.4    .22 11.7
  1.0 180  87.5 117.74    .78 15.6    .08 11.8
  1.0 210 -87.5 127.35    .37 16.5    .00 19.2
  1.0 210 -82.5 127.17    .73 16.3    .03 19.2
  1.0 210 -77.5 127.17   1.41 16.1    .04 20.6
  1.0 210 -72.5 127.15   2.05 16.0    .05 22.7
  1.0 210 -67.5 127.05   2.61 16.0    .12 11.6
  1.0 210 -62.5 126.89   3.05 16.0    .21 11.9
  1.0 210 -57.5 126.68   3.35 16.0    .30 12.1
  1.0 210 -52.5 126.43   3.53 16.0    .36 12.2
  1.0 210 -47.5 126.13   3.58 16.0    .37 12.3
  1.0 210 -42.5 125.78   3.55 16.0    .32 12.6
  1.0 210 -37.5 125.45   3.42 15.9    .25 13.5
  1.0 210 -32.5 125.15   3.22 15.8    .31 14.8
  1.0 210 -27.5 124.95   2.93 15.7    .49 15.5
  1.0 210 -22.5 124.88   2.56 15.7    .69 15.5
  1.0 210 -17.5 124.89   2.18 15.7    .82 15.3
  1.0 210 -12.5 124.91   1.84 15.8    .83 15.1
  1.0 210  -7.5 124.93   1.59 15.8    .73 14.9
  1.0 210  -2.5 124.91   1.46 15.6    .55 14.6
  1.0 210   2.5 124.86   1.41 15.3    .31 14.1
  1.0 210   7.5 124.76   1.46 14.9    .20 11.7
  1.0 210  12.5 124.62   1.56 14.7    .45 21.3
  1.0 210  17.5 124.41   1.70 14.7    .93 21.1
  1.0 210  22.5 124.16   1.88 15.1   1.45 21.1
  1.0 210  27.5 123.85   2.10 15.6   1.92 21.1
  1.0 210  32.5 123.40   2.39 16.3   2.27 21.3
  1.0 210  37.5 122.77   2.71 16.8   2.43 21.4
  1.0 210  42.5 121.97   2.98 17.3   2.38 21.6
  1.0 210  47.5 120.98   3.12 17.5   2.13 21.7
  1.0 210  52.5 119.70   3.12 17.7   1.74 21.8
  1.0 210  57.5 118.13   2.99 17.7   1.27 21.8
  1.0 210  62.5 116.20   2.80 17.6    .82 21.6
  1.0 210  67.5 113.99   2.55 17.6    .46 21.2
  1.0 210  72.5 111.66   2.24 17.6    .22 20.7
  1.0 210  77.5 109.46   1.85 17.3    .12 21.6
  1.0 210  82.5 107.99   1.40 16.6    .14 11.2
  1.0 210  87.5 107.86    .83 15.7    .08 11.7
  1.0 240 -87.5 134.15    .25 16.9    .00 21.7
  1.0 240 -82.5 133.78    .51 16.8    .03 21.7
  1.0 240 -77.5 133.34   1.08 16.8    .07 21.6
  1.0 240 -72.5 132.71   1.64 16.9    .10 21.3
  1.0 240 -67.5 131.95   2.10 17.0    .18 21.1
  1.0 240 -62.5 131.10   2.44 17.1    .32 21.3
  1.0 240 -57.5 130.19   2.70 17.3    .53 21.3
  1.0 240 -52.5 129.26   2.88 17.4    .79 21.3
  1.0 240 -47.5 128.33   3.01 17.4   1.07 21.2
  1.0 240 -42.5 127.43   3.09 17.4   1.34 21.2
  1.0 240 -37.5 126.56   3.12 17.2   1.59 21.1
  1.0 240 -32.5 125.82   3.12 17.0   1.79 21.0
  1.0 240 -27.5 125.20   3.09 16.6   1.93 20.8
  1.0 240 -22.5 124.74   2.99 16.3   2.00 20.7
  1.0 240 -17.5 124.48   2.79 16.0   1.98 20.5
  1.0 240 -12.5 124.42   2.46 15.8   1.88 20.3
  1.0 240  -7.5 124.44   2.07 15.5   1.69 20.1
  1.0 240  -2.5 124.49   1.71 15.3   1.49 20.0
  1.0 240   2.5 124.55   1.46 15.1   1.30 19.9
  1.0 240   7.5 124.60   1.31 15.0   1.17 20.0
  1.0 240  12.5 124.64   1.24 15.1   1.16 20.4
  1.0 240  17.5 124.64   1.23 15.4   1.29 20.9
  1.0 240  22.5 124.54   1.30 15.9   1.54 21.2
  1.0 240  27.5 124.31   1.47 16.5   1.81 21.5
  1.0 240  32.5 123.93   1.74 17.2   2.02 21.6
  1.0 240  37.5 123.38   2.08 17.8   2.14 21.8
  1.0 240  42.5 122.64   2.39 18.2   2.14 21.9
  1.0 240  47.5 121.65   2.61 18.5   1.97 22.0
  1.0 240  52.5 120.35   2.67 18.6   1.63 21.9
  1.0 240  57.5 118.64   2.58 18.5   1.18 21.7
  1.0 240  62.5 116.52   2.38 18.3    .74 21.3
  1.0 240  67.5 114.02   2.11 18.1    .42 20.5
  1.0 240  72.5 111.16   1.77 17.8    .21 19.8
  1.0 240  77.5 108.33   1.41 17.4    .10 21.8
  1.0 240  82.5 106.37   1.05 16.7    .13 12.2
  1.0 240  87.5 106.07    .62 15.7    .09 12.3
  1.0 270 -87.5 135.96    .13 16.8    .00 14.9
  1.0 270 -82.5 135.51    .24 16.5    .01 14.9
  1.0 270 -77.5 135.03    .47 16.2    .04 13.7
  1.0 270 -72.5 134.37    .69 15.9    .08 12.1
  1.0 270 -67.5 133.52    .86 15.9    .17 11.6
  1.0 270 -62.5 132.60    .96 15.9    .32 11.5
  1.0 270 -57.5 131.63   1.00 16.1    .53 11.5
  1.0 270 -52.5 130.59   1.01 16.3    .77 11.4
  1.0 270 -47.5 129.55   1.01 16.6   1.03 11.3
  1.0 270 -42.5 128.51   1.01 16.8   1.29 11.1
  1.0 270 -37.5 127.45   1.04 16.8   1.51 22.9
  1.0 270 -32.5 126.42   1.08 16.5   1.66 22.7
  1.0 270 -27.5 125.42   1.16 16.0   1.71 22.5
  1.0 270 -22.5 124.48   1.25 15.4   1.66 22.3
  1.0 270 -17.5 123.69   1.34 14.8   1.54 22.1
  1.0 270 -12.5 123.07   1.37 14.4   1.38 21.9
  1.0 270  -7.5 122.57   1.31 14.1   1.21 21.8
  1.0 270  -2.5 122.22   1.14 14.0   1.04 21.7
  1.0 270   2.5 122.02    .91 14.0    .87 21.7
  1.0 270   7.5 121.98    .65 14.5    .69 21.6
  1.0 270  12.5 122.07    .41 15.9    .49 21.5
  1.0 270  17.5 122.28    .33 18.9    .29 21.3
  1.0 270  22.5 122.63    .47 21.7    .14 20.8
  1.0 270  27.5 123.03    .75 22.7    .12 19.2
  1.0 270  32.5 123.41   1.05 22.9    .25 17.6
  1.0 270  37.5 123.75   1.33 22.8    .47 17.0
  1.0 270  42.5 124.03   1.55 22.8    .70 16.8
  1.0 270  47.5 124.21   1.69 22.7    .90 16.6
  1.0 270  52.5 124.25   1.66 22.7   1.00 16.5
  1.0 270  57.5 124.03   1.38 22.6    .98 16.6
  1.0 270  62.5 123.21    .83 21.4    .87 16.8
  1.0 270  67.5 121.52    .72 17.6    .79 17.7
  1.0 270  72.5 118.91   1.37 14.8    .89 18.9
  1.0 270  77.5 115.62   2.03 14.7   1.05 20.0
  1.0 270  82.5 112.67   2.10 14.6    .92 20.6
  1.0 270  87.5 111.62   1.42 14.2    .37 20.8
  1.0 300 -87.5 135.59    .13 20.2    .00 12.7
  1.0 300 -82.5 135.05    .27 19.8    .03 12.7
  1.0 300 -77.5 134.54    .55 19.2    .08 12.5
  1.0 300 -72.5 133.85    .86 18.9    .13 12.0
  1.0 300 -67.5 132.96   1.15 18.9    .19 11.5
  1.0 300 -62.5 131.95   1.39 19.0    .32 11.1
  1.0 300 -57.5 130.87   1.57 19.1    .49 22.7
  1.0 300 -52.5 129.72   1.70 19.1    .69 22.4
  1.0 300 -47.5 128.53   1.77 19.0    .88 22.1
  1.0 300 -42.5 127.33   1.79 18.6   1.02 21.8
  1.0 300 -37.5 126.15   1.78 18.0   1.10 21.6
  1.0 300 -32.5 125.02   1.79 17.3   1.13 21.4
  1.0 300 -27.5 123.98   1.85 16.6   1.13 21.1
  1.0 300 -22.5 123.06   1.94 16.0   1.14 21.0
  1.0 300 -17.5 122.33   2.02 15.7   1.20 20.9
  1.0 300 -12.5 121.76   2.06 15.6   1.30 20.8
  1.0 300  -7.5 121.37   2.06 15.6   1.37 20.8
  1.0 300  -2.5 121.15   2.01 15.7   1.38 20.7
  1.0 300   2.5 121.12   1.89 15.8   1.35 20.7
  1.0 300   7.5 121.32   1.67 15.8   1.28 20.5
  1.0 300  12.5 121.66   1.34 15.8   1.21 20.2
  1.0 300  17.5 122.05    .98 15.9   1.13 19.7
  1.0 300  22.5 122.45    .68 16.2   1.07 19.3
  1.0 300  27.5 122.82    .49 16.7   1.06 19.1
  1.0 300  32.5 123.09    .42 17.3   1.07 19.0
  1.0 300  37.5 123.20    .46 18.0   1.08 18.9
  1.0 300  42.5 123.09    .65 18.3   1.05 19.0
  1.0 300  47.5 122.67   1.02 18.3    .97 19.2
  1.0 300  52.5 121.92   1.54 18.2    .88 19.4
  1.0 300  57.5 120.72   2.15 18.1    .79 19.7
  1.0 300  62.5 118.93   2.72 18.2    .71 20.1
  1.0 300  67.5 116.48   3.09 18.2    .62 20.6
  1.0 300  72.5 113.40   3.06 18.2    .54 21.1
  1.0 300  77.5 110.17   2.58 18.0    .46 21.9
  1.0 300  82.5 107.78   1.80 17.5    .37 22.6
  1.0 300  87.5 107.08    .90 16.6    .16 23.0
  1.0 330 -87.5 127.45    .35 15.9    .00 21.2
  1.0 330 -82.5 127.24    .70 15.8    .03 21.2
  1.0 330 -77.5 127.10   1.39 15.8    .06 21.8
  1.0 330 -72.5 126.91   2.02 15.9    .09 22.5
  1.0 330 -67.5 126.65   2.55 16.0    .12 22.8
  1.0 330 -62.5 126.30   2.94 16.1    .17 23.0
  1.0 330 -57.5 125.93   3.20 16.3    .25 22.9
  1.0 330 -52.5 125.54   3.33 16.4    .35 22.6
  1.0 330 -47.5 125.11   3.39 16.6    .47 22.1
  1.0 330 -42.5 124.66   3.37 16.7    .60 21.4
  1.0 330 -37.5 124.22   3.30 16.6    .77 20.7
  1.0 330 -32.5 123.85   3.13 16.5    .94 20.1
  1.0 330 -27.5 123.61   2.87 16.3   1.10 19.5
  1.0 330 -22.5 123.53   2.52 16.1   1.18 19.0
  1.0 330 -17.5 123.56   2.10 15.9   1.19 18.7
  1.0 330 -12.5 123.61   1.71 15.7   1.11 18.4
  1.0 330  -7.5 123.61   1.41 15.6    .93 18.3
  1.0 330  -2.5 123.58   1.23 15.5    .71 18.5
  1.0 330   2.5 123.54   1.17 15.4    .50 19.0
  1.0 330   7.5 123.49   1.21 15.3    .44 20.0
  1.0 330  12.5 123.42   1.33 15.3    .59 20.9
  1.0 330  17.5 123.29   1.51 15.5    .91 21.4
  1.0 330  22.5 123.06   1.72 15.8   1.28 21.7
  1.0 330  27.5 122.73   1.98 16.3   1.64 21.8
  1.0 330  32.5 122.29   2.24 16.7   1.90 21.9
  1.0 330  37.5 121.71   2.50 17.2   2.04 22.1
  1.0 330  42.5 120.97   2.70 17.5   2.02 22.2
  1.0 330  47.5 120.04   2.80 17.7   1.82 22.3
  1.0 330  52.5 118.87   2.77 17.8   1.48 22.4
  1.0 330  57.5 117.40   2.65 17.7   1.06 22.3
  1.0 330  62.5 115.60   2.48 17.6    .65 22.1
  1.0 330  67.5 113.49   2.27 17.6    .34 21.4
  1.0 330  72.5 111.21   2.01 17.5    .16 20.4
  1.0 330  77.5 109.06   1.70 17.2    .07 21.7
  1.0 330  82.5 107.65   1.32 16.7    .08 12.0
  1.0 330  87.5 107.53    .79 16.0    .06 12.4
  1.0 360 -87.5 118.84    .47 16.6    .00 15.5
  1.0 360 -82.5 118.81    .84 16.7    .02 15.5
  1.0 360 -77.5 119.14   1.50 16.8    .06 14.3
  1.0 360 -72.5 119.66   1.99 16.8    .14 12.9
  1.0 360 -67.5 120.22   2.32 16.8    .26 12.5
  1.0 360 -62.5 120.78   2.52 16.8    .43 12.3
  1.0 360 -57.5 121.27   2.64 16.8    .64 12.0
  1.0 360 -52.5 121.69   2.70 16.9    .90 11.8
  1.0 360 -47.5 122.03   2.71 16.9   1.16 11.7
  1.0 360 -42.5 122.29   2.70 16.8   1.37 11.6
  1.0 360 -37.5 122.44   2.65 16.7   1.46 11.5
  1.0 360 -32.5 122.49   2.56 16.5   1.42 11.6
  1.0 360 -27.5 122.50   2.42 16.3   1.27 11.8
  1.0 360 -22.5 122.51   2.23 16.1   1.11 12.1
  1.0 360 -17.5 122.56   2.02 16.0   1.01 12.6
  1.0 360 -12.5 122.64   1.81 16.0    .95 13.0
  1.0 360  -7.5 122.69   1.65 16.1    .86 13.4
  1.0 360  -2.5 122.67   1.57 15.9    .71 13.9
  1.0 360   2.5 122.58   1.57 15.6    .49 14.6
  1.0 360   7.5 122.47   1.66 15.2    .33 16.2
  1.0 360  12.5 122.39   1.79 14.9    .41 18.3
  1.0 360  17.5 122.35   1.94 14.9    .77 19.5
  1.0 360  22.5 122.33   2.10 15.1   1.22 20.0
  1.0 360  27.5 122.27   2.30 15.5   1.65 20.4
  1.0 360  32.5 122.09   2.53 16.0   1.95 20.6
  1.0 360  37.5 121.77   2.78 16.4   2.05 20.9
  1.0 360  42.5 121.35   2.97 16.8   1.97 21.2
  1.0 360  47.5 120.77   3.06 17.0   1.75 21.4
  1.0 360  52.5 120.00   3.05 17.2   1.43 21.6
  1.0 360  57.5 119.02   2.96 17.2   1.07 21.8
  1.0 360  62.5 117.75   2.81 17.2    .74 22.0
  1.0 360  67.5 116.23   2.60 17.2    .49 22.4
  1.0 360  72.5 114.58   2.29 17.2    .33 22.8
  1.0 360  77.5 112.96   1.87 16.9    .24 11.1
  1.0 360  82.5 111.85   1.35 16.5    .17 11.2
  1.0 360  87.5 111.74    .74 15.8    .07 11.3
  3.0  30 -87.5 109.11    .63 14.3    .00 12.1
  3.0  30 -82.5 109.19    .97 14.7    .21 12.1
  3.0  30 -77.5 110.41   1.44 15.7    .44 12.0
  3.0  30 -72.5 112.10   1.79 16.8    .40 11.1
  3.0  30 -67.5 113.80   2.24 17.5    .49 21.8
  3.0  30 -62.5 115.37   2.64 17.8    .86 21.0
  3.0  30 -57.5 116.60   2.88 17.8   1.28 20.7
  3.0  30 -52.5 117.48   2.92 17.6   1.61 20.5
  3.0  30 -47.5 118.07   2.80 17.2   1.79 20.3
  3.0  30 -42.5 118.51   2.57 16.8   1.86 20.2
  3.0  30 -37.5 118.81   2.29 16.3   1.87 20.0
  3.0  30 -32.5 118.92   2.00 15.9   1.85 19.7
  3.0  30 -27.5 118.92   1.71 15.4   1.78 19.4
  3.0  30 -22.5 118.86   1.43 15.1   1.68 19.1
  3.0  30 -17.5 118.80   1.24 14.9   1.58 18.7
  3.0  30 -12.5 118.82   1.13 14.8   1.62 18.3
  3.0  30  -7.5 118.90   1.09 14.8   1.78 18.1
  3.0  30  -2.5 118.90   1.14 14.9   1.90 18.1
  3.0  30   2.5 118.82   1.32 15.1   1.90 18.2
  3.0  30   7.5 118.75   1.59 15.3   1.86 18.4
  3.0  30  12.5 118.74   1.90 15.5   1.86 18.7
  3.0  30  17.5 118.86   2.20 15.7   1.88 19.0
  3.0  30  22.5 119.15   2.42 15.9   1.85 19.4
  3.0  30  27.5 119.61   2.54 16.2   1.76 19.6
  3.0  30  32.5 120.20   2.58 16.6   1.62 19.9
  3.0  30  37.5 120.85   2.58 17.0   1.45 20.2
  3.0  30  42.5 121.51   2.58 17.2   1.28 20.5
  3.0  30  47.5 122.14   2.58 17.4   1.10 20.7
  3.0  30  52.5 122.75   2.57 17.5    .93 21.0
  3.0  30  57.5 123.31   2.54 17.4    .76 21.1
  3.0  30  62.5 123.84   2.47 17.3    .60 21.3
  3.0  30  67.5 124.33   2.33 17.0    .47 21.3
  3.0  30  72.5 124.79   2.09 16.7    .34 21.4
  3.0  30  77.5 125.11   1.71 16.4    .23 21.4
  3.0  30  82.5 125.35   1.20 16.1    .13 21.3
  3.0  30  87.5 125.81    .61 15.8    .04 21.1
  3.0  60 -87.5 105.42    .16 15.7    .00 21.7
  3.0  60 -82.5 106.34    .31 15.9    .10 21.7
  3.0  60 -77.5 109.26    .54 15.9    .22 21.3
  3.0  60 -72.5 112.77    .64 15.7    .20 20.6
  3.0  60 -67.5 115.68    .59 15.3    .14 21.0
  3.0  60 -62.5 117.63    .44 15.7    .15 22.3
  3.0  60 -57.5 118.60    .35 17.4    .23 11.2
  3.0  60 -52.5 118.82    .44 19.2    .25 11.5
  3.0  60 -47.5 118.56    .61 19.9    .19 11.6
  3.0  60 -42.5 118.04    .73 20.2    .13 22.9
  3.0  60 -37.5 117.37    .79 20.3    .15 22.0
  3.0  60 -32.5 116.68    .77 20.2    .25 21.6
  3.0  60 -27.5 116.03    .72 20.0    .35 21.7
  3.0  60 -22.5 115.42    .63 19.7    .43 21.9
  3.0  60 -17.5 114.93    .52 19.5    .50 22.1
  3.0  60 -12.5 114.57    .42 19.4    .57 22.3
  3.0  60  -7.5 114.36    .32 19.2    .61 22.5
  3.0  60  -2.5 114.26    .23 18.7    .62 22.6
  3.0  60   2.5 114.33    .18 17.8    .59 22.6
  3.0  60   7.5 114.56    .17 17.1    .57 22.4
  3.0  60  12.5 114.93    .18 17.0    .57 22.1
  3.0  60  17.5 115.46    .19 17.5    .59 21.9
  3.0  60  22.5 116.19    .21 18.2    .61 21.7
  3.0  60  27.5 117.11    .27 19.2    .67 21.6
  3.0  60  32.5 118.18    .38 20.3    .74 21.6
  3.0  60  37.5 119.39    .54 21.1    .80 21.7
  3.0  60  42.5 120.69    .71 21.6    .82 21.9
  3.0  60  47.5 121.99    .84 21.9    .77 22.1
  3.0  60  52.5 123.24    .91 22.0    .67 22.3
  3.0  60  57.5 124.43    .90 22.1    .52 22.5
  3.0  60  62.5 125.58    .84 22.0    .37 22.9
  3.0  60  67.5 126.63    .73 21.9    .24 11.4
  3.0  60  72.5 127.55    .58 21.8    .14 12.2
  3.0  60  77.5 128.25    .42 21.9    .10 13.0
  3.0  60  82.5 128.77    .28 22.2    .07 13.7
  3.0  60  87.5 129.34    .15 22.6    .03 14.1
  3.0  90 -87.5 113.53    .11 16.2    .00 18.2
  3.0  90 -82.5 113.51    .25 16.2    .13 18.2
  3.0  90 -77.5 114.96    .52 16.0    .38 18.5
  3.0  90 -72.5 116.48    .68 16.2    .62 18.8
  3.0  90 -67.5 117.38    .68 17.6    .77 18.8
  3.0  90 -62.5 118.02    .76 20.1    .81 18.5
  3.0  90 -57.5 118.29   1.11 22.3    .77 18.1
  3.0  90 -52.5 118.15   1.47 23.2    .69 17.8
  3.0  90 -47.5 117.75   1.65 23.6    .57 17.8
  3.0  90 -42.5 117.18   1.61 23.9    .43 18.4
  3.0  90 -37.5 116.51   1.43 24.1    .35 19.5
  3.0  90 -32.5 115.81   1.17 24.4    .39 20.7
  3.0  90 -27.5 115.11    .89 24.7    .52 21.5
  3.0  90 -22.5 114.44    .62 25.3    .65 21.9
  3.0  90 -17.5 113.90    .41 26.7    .77 22.2
  3.0  90 -12.5 113.52    .31 29.3    .86 22.3
  3.0  90  -7.5 113.34    .36 32.2    .95 22.4
  3.0  90  -2.5 113.31    .52 34.0   1.08 22.4
  3.0  90   2.5 113.42    .73 10.9   1.20 22.5
  3.0  90   7.5 113.68    .94 11.5   1.31 22.5
  3.0  90  12.5 114.08   1.11 11.9   1.38 22.6
  3.0  90  17.5 114.71   1.21 12.3   1.48 22.7
  3.0  90  22.5 115.56   1.19 12.7   1.61 22.7
  3.0  90  27.5 116.60   1.07 13.1   1.78 22.9
  3.0  90  32.5 117.75    .91 13.5   1.90 11.0
  3.0  90  37.5 118.96    .77 13.7   1.92 11.2
  3.0  90  42.5 120.18    .66 13.8   1.84 11.3
  3.0  90  47.5 121.36    .61 13.6   1.65 11.5
  3.0  90  52.5 122.49    .61 13.5   1.38 11.7
  3.0  90  57.5 123.56    .64 13.5   1.07 11.8
  3.0  90  62.5 124.58    .67 13.7    .75 11.9
  3.0  90  67.5 125.54    .68 14.0    .47 11.9
  3.0  90  72.5 126.41    .65 14.4    .25 12.1
  3.0  90  77.5 127.08    .55 14.8    .11 12.9
  3.0  90  82.5 127.58    .41 15.2    .06 14.9
  3.0  90  87.5 128.17    .23 15.5    .03 16.1
  3.0 120 -87.5 111.63    .35 15.5    .00 20.3
  3.0 120 -82.5 111.55    .66 15.6    .18 20.3
  3.0 120 -77.5 113.55   1.19 15.8    .51 20.3
  3.0 120 -72.5 115.77   1.47 15.8    .71 20.3
  3.0 120 -67.5 117.23   1.39 16.1    .75 20.1
  3.0 120 -62.5 118.26   1.07 17.2    .67 19.6
  3.0 120 -57.5 118.81    .83 19.2    .60 19.0
  3.0 120 -52.5 118.83    .86 21.5    .62 18.5
  3.0 120 -47.5 118.51   1.02 22.9    .69 18.3
  3.0 120 -42.5 117.95   1.12 23.7    .74 18.4
  3.0 120 -37.5 117.27   1.11 24.2    .72 18.6
  3.0 120 -32.5 116.55   1.01 24.6    .65 19.0
  3.0 120 -27.5 115.83    .85 25.0    .59 19.6
  3.0 120 -22.5 115.16    .67 25.4    .56 20.1
  3.0 120 -17.5 114.57    .48 26.3    .59 20.7
  3.0 120 -12.5 114.12    .32 28.2    .64 21.2
  3.0 120  -7.5 113.87    .26 31.4    .71 21.4
  3.0 120  -2.5 113.83    .33 10.2    .84 21.5
  3.0 120   2.5 113.99    .44 11.7   1.01 21.6
  3.0 120   7.5 114.31    .53 12.5   1.19 21.7
  3.0 120  12.5 114.79    .61 13.0   1.33 21.8
  3.0 120  17.5 115.45    .66 13.4   1.44 21.9
  3.0 120  22.5 116.31    .70 13.9   1.52 22.1
  3.0 120  27.5 117.32    .71 14.4   1.59 22.2
  3.0 120  32.5 118.45    .70 14.9   1.64 22.3
  3.0 120  37.5 119.65    .67 15.3   1.65 22.5
  3.0 120  42.5 120.89    .62 15.5   1.58 22.6
  3.0 120  47.5 122.12    .58 15.7   1.46 22.8
  3.0 120  52.5 123.28    .56 15.7   1.27 22.9
  3.0 120  57.5 124.35    .57 15.5   1.04 11.0
  3.0 120  62.5 125.33    .61 15.3    .78 11.1
  3.0 120  67.5 126.22    .65 15.1    .53 11.2
  3.0 120  72.5 127.03    .67 14.9    .31 11.4
  3.0 120  77.5 127.67    .62 14.7    .15 12.1
  3.0 120  82.5 128.17    .49 14.7    .07 14.1
  3.0 120  87.5 128.75    .29 14.7    .03 15.5
  3.0 150 -87.5 105.25    .65 17.6    .00 21.6
  3.0 150 -82.5 105.12   1.31 17.7    .16 21.6
  3.0 150 -77.5 107.33   2.49 17.7    .38 21.4
  3.0 150 -72.5 110.22   3.28 17.8    .45 21.3
  3.0 150 -67.5 112.71   3.54 17.8    .44 21.6
  3.0 150 -62.5 114.93   3.33 17.7    .46 22.2
  3.0 150 -57.5 116.73   2.87 17.7    .52 22.6
  3.0 150 -52.5 117.97   2.31 17.6    .49 22.3
  3.0 150 -47.5 118.66   1.73 17.3    .37 21.2
  3.0 150 -42.5 118.93   1.19 17.0    .35 19.6
  3.0 150 -37.5 118.88    .78 16.5    .46 18.4
  3.0 150 -32.5 118.62    .56 15.9    .54 18.1
  3.0 150 -27.5 118.23    .49 15.3    .55 18.1
  3.0 150 -22.5 117.82    .53 14.8    .52 18.3
  3.0 150 -17.5 117.38    .67 14.7    .51 18.8
  3.0 150 -12.5 116.94    .90 14.8    .55 19.4
  3.0 150  -7.5 116.57   1.12 14.9    .63 19.8
  3.0 150  -2.5 116.34   1.27 14.9    .69 19.9
  3.0 150   2.5 116.24   1.41 14.9    .70 19.8
  3.0 150   7.5 116.28   1.58 15.1    .71 19.6
  3.0 150  12.5 116.51   1.78 15.5    .73 19.4
  3.0 150  17.5 116.94   1.95 16.0    .74 19.3
  3.0 150  22.5 117.61   2.05 16.5    .71 19.3
  3.0 150  27.5 118.51   2.09 16.9    .67 19.6
  3.0 150  32.5 119.57   2.07 17.3    .62 20.0
  3.0 150  37.5 120.74   2.01 17.8    .60 20.5
  3.0 150  42.5 121.98   1.93 18.2    .60 21.1
  3.0 150  47.5 123.20   1.87 18.7    .59 21.5
  3.0 150  52.5 124.39   1.79 19.1    .53 21.9
  3.0 150  57.5 125.53   1.68 19.3    .41 22.3
  3.0 150  62.5 126.58   1.51 19.5    .27 22.8
  3.0 150  67.5 127.55   1.27 19.5    .16 11.6
  3.0 150  72.5 128.43    .99 19.7    .11 12.5
  3.0 150  77.5 128.99    .69 19.9    .10 13.1
  3.0 150  82.5 129.37    .42 20.3    .07 13.7
  3.0 150  87.5 130.08    .20 20.9    .02 14.2
  3.0 180 -87.5 119.34    .34 18.7    .00 19.2
  3.0 180 -82.5 118.40    .60 18.0    .06 19.2
  3.0 180 -77.5 118.81   1.09 16.7    .13 20.0
  3.0 180 -72.5 119.44   1.54 15.8    .19 21.3
  3.0 180 -67.5 119.80   1.91 15.1    .32 21.9
  3.0 180 -62.5 120.27   2.19 14.7    .45 22.4
  3.0 180 -57.5 120.73   2.32 14.5    .58 22.9
  3.0 180 -52.5 121.06   2.28 14.4    .72 11.5
  3.0 180 -47.5 121.23   2.10 14.7    .86 12.0
  3.0 180 -42.5 121.17   1.86 15.1    .94 12.3
  3.0 180 -37.5 120.92   1.66 15.5    .89 12.6
  3.0 180 -32.5 120.50   1.52 15.7    .72 13.0
  3.0 180 -27.5 120.03   1.43 15.5    .53 13.6
  3.0 180 -22.5 119.60   1.37 15.1    .48 14.4
  3.0 180 -17.5 119.30   1.29 14.8    .54 14.9
  3.0 180 -12.5 119.16   1.18 14.5    .62 15.0
  3.0 180  -7.5 119.16   1.05 14.4    .68 14.9
  3.0 180  -2.5 119.24    .96 14.5    .71 14.8
  3.0 180   2.5 119.35    .93 15.0    .71 14.7
  3.0 180   7.5 119.45    .95 15.5    .73 14.6
  3.0 180  12.5 119.62   1.00 15.9    .75 14.5
  3.0 180  17.5 119.83   1.07 16.2    .74 14.4
  3.0 180  22.5 120.11   1.18 16.4    .71 14.3
  3.0 180  27.5 120.50   1.32 16.6    .69 14.3
  3.0 180  32.5 121.03   1.45 16.8    .68 14.2
  3.0 180  37.5 121.60   1.55 17.0    .68 14.3
  3.0 180  42.5 122.13   1.63 17.0    .67 14.4
  3.0 180  47.5 122.66   1.67 17.1    .67 14.5
  3.0 180  52.5 123.16   1.65 17.2    .67 14.5
  3.0 180  57.5 123.62   1.54 17.3    .66 14.3
  3.0 180  62.5 123.94   1.33 17.2    .63 14.2
  3.0 180  67.5 124.10   1.08 16.6    .54 14.2
  3.0 180  72.5 124.16    .94 15.3    .37 14.4
  3.0 180  77.5 123.91    .86 14.2    .19 15.4
  3.0 180  82.5 123.84    .66 13.7    .12 17.1
  3.0 180  87.5 124.89    .33 14.1    .06 18.0
  3.0 210 -87.5 130.53    .22 16.9    .00 18.0
  3.0 210 -82.5 129.81    .41 16.5    .03 18.0
  3.0 210 -77.5 129.60    .81 16.0    .05 17.6
  3.0 210 -72.5 129.32   1.19 16.0    .03 16.3
  3.0 210 -67.5 128.73   1.54 16.1    .04 14.3
  3.0 210 -62.5 128.09   1.85 16.3    .07 12.8
  3.0 210 -57.5 127.41   2.11 16.5    .12 12.2
  3.0 210 -52.5 126.69   2.33 16.7    .14 11.8
  3.0 210 -47.5 125.94   2.51 16.9    .10 22.7
  3.0 210 -42.5 125.17   2.64 17.0    .14 20.4
  3.0 210 -37.5 124.40   2.72 16.9    .35 18.8
  3.0 210 -32.5 123.66   2.76 16.8    .65 18.5
  3.0 210 -27.5 122.99   2.77 16.5    .96 18.4
  3.0 210 -22.5 122.43   2.75 16.3   1.22 18.3
  3.0 210 -17.5 122.02   2.71 16.0   1.39 18.2
  3.0 210 -12.5 121.74   2.60 15.6   1.49 18.0
  3.0 210  -7.5 121.62   2.40 15.3   1.53 17.8
  3.0 210  -2.5 121.65   2.10 15.0   1.52 17.5
  3.0 210   2.5 121.73   1.77 14.8   1.47 17.2
  3.0 210   7.5 121.80   1.46 14.6   1.43 16.9
  3.0 210  12.5 121.90   1.22 14.5   1.42 16.7
  3.0 210  17.5 122.04   1.04 14.4   1.43 16.6
  3.0 210  22.5 122.25    .88 14.4   1.47 16.5
  3.0 210  27.5 122.54    .73 14.6   1.53 16.5
  3.0 210  32.5 122.80    .65 14.9   1.56 16.5
  3.0 210  37.5 122.91    .74 15.5   1.49 16.7
  3.0 210  42.5 122.79   1.04 16.1   1.29 16.9
  3.0 210  47.5 122.47   1.48 16.4   1.05 17.1
  3.0 210  52.5 121.90   1.96 16.6    .82 17.3
  3.0 210  57.5 121.13   2.38 16.7    .61 17.5
  3.0 210  62.5 120.11   2.69 16.8    .37 17.3
  3.0 210  67.5 118.93   2.86 16.9    .19 14.8
  3.0 210  72.5 117.59   2.90 17.1    .28 11.8
  3.0 210  77.5 115.86   2.68 17.4    .53 22.9
  3.0 210  82.5 114.25   2.05 17.7    .58 22.5
  3.0 210  87.5 114.17   1.07 18.4    .26 22.4
  3.0 240 -87.5 136.59    .13 17.1    .00 18.5
  3.0 240 -82.5 135.88    .24 17.0    .01 18.5
  3.0 240 -77.5 135.44    .48 16.8    .05 17.3
  3.0 240 -72.5 134.82    .76 16.8    .11 15.8
  3.0 240 -67.5 133.92   1.04 17.1    .19 15.4
  3.0 240 -62.5 132.83   1.33 17.5    .26 15.3
  3.0 240 -57.5 131.64   1.61 17.8    .32 15.5
  3.0 240 -52.5 130.37   1.86 18.0    .38 15.8
  3.0 240 -47.5 129.08   2.05 18.0    .44 16.0
  3.0 240 -42.5 127.79   2.15 17.9    .50 16.3
  3.0 240 -37.5 126.53   2.18 17.6    .56 16.6
  3.0 240 -32.5 125.36   2.17 17.1    .64 16.9
  3.0 240 -27.5 124.33   2.17 16.5    .73 17.1
  3.0 240 -22.5 123.47   2.17 15.8    .81 17.3
  3.0 240 -17.5 122.80   2.16 15.2    .83 17.3
  3.0 240 -12.5 122.32   2.10 14.7    .73 17.1
  3.0 240  -7.5 121.98   1.99 14.4    .52 16.7
  3.0 240  -2.5 121.81   1.88 14.3    .28 15.8
  3.0 240   2.5 121.82   1.80 14.3    .12 14.5
  3.0 240   7.5 121.98   1.69 14.4    .07 14.0
  3.0 240  12.5 122.30   1.49 14.5    .05 14.5
  3.0 240  17.5 122.67   1.23 14.7    .04 15.1
  3.0 240  22.5 123.04    .98 15.0    .04 17.2
  3.0 240  27.5 123.39    .74 15.2    .13 19.3
  3.0 240  32.5 123.70    .51 15.7    .29 19.4
  3.0 240  37.5 123.92    .33 17.7    .45 19.2
  3.0 240  42.5 124.00    .37 20.2    .56 18.9
  3.0 240  47.5 123.79    .64 21.1    .60 18.7
  3.0 240  52.5 123.17   1.00 20.6    .53 18.4
  3.0 240  57.5 122.04   1.48 19.7    .36 17.9
  3.0 240  62.5 120.31   2.05 18.9    .18 16.8
  3.0 240  67.5 118.09   2.65 18.4    .13 14.2
  3.0 240  72.5 115.56   3.09 18.3    .25 11.8
  3.0 240  77.5 112.81   3.12 18.4    .48 22.8
  3.0 240  82.5 110.60   2.50 18.4    .57 22.8
  3.0 240  87.5 110.15   1.34 18.4    .27 22.8
  3.0 270 -87.5 136.07    .13 16.3    .00 14.7
  3.0 270 -82.5 135.54    .25 16.2    .01 14.7
  3.0 270 -77.5 135.09    .50 15.9    .03 13.6
  3.0 270 -72.5 134.49    .74 15.6    .07 12.1
  3.0 270 -67.5 133.68    .94 15.5    .16 11.8
  3.0 270 -62.5 132.73   1.06 15.3    .30 11.8
  3.0 270 -57.5 131.69   1.11 15.3    .49 11.9
  3.0 270 -52.5 130.57   1.12 15.2    .72 11.8
  3.0 270 -47.5 129.45   1.07 15.2   1.00 11.8
  3.0 270 -42.5 128.32   1.00 15.2   1.30 11.7
  3.0 270 -37.5 127.21    .93 15.2   1.63 11.6
  3.0 270 -32.5 126.15    .87 15.3   1.95 11.4
  3.0 270 -27.5 125.15    .84 15.4   2.24 11.3
  3.0 270 -22.5 124.21    .86 15.3   2.45 11.1
  3.0 270 -17.5 123.38    .90 15.1   2.56 22.9
  3.0 270 -12.5 122.70    .95 14.6   2.56 22.7
  3.0 270  -7.5 122.18    .99 14.0   2.46 22.5
  3.0 270  -2.5 121.81   1.00 13.4   2.27 22.4
  3.0 270   2.5 121.56    .97 13.0   2.00 22.2
  3.0 270   7.5 121.44    .93 12.5   1.66 22.1
  3.0 270  12.5 121.49    .90 11.9   1.27 21.9
  3.0 270  17.5 121.83    .82 11.1    .98 21.9
  3.0 270  22.5 122.46    .61 10.2    .87 22.0
  3.0 270  27.5 123.14    .36 31.9    .81 22.0
  3.0 270  32.5 123.75    .34 28.4    .63 21.6
  3.0 270  37.5 124.32    .58 25.9    .43 20.2
  3.0 270  42.5 124.89    .97 24.9    .51 18.4
  3.0 270  47.5 125.39   1.40 24.3    .82 17.5
  3.0 270  52.5 125.71   1.73 23.8   1.09 17.4
  3.0 270  57.5 125.76   1.83 23.0   1.18 17.6
  3.0 270  62.5 125.55   1.62 22.1   1.05 17.9
  3.0 270  67.5 124.88   1.19 20.8    .72 18.2
  3.0 270  72.5 123.47    .76 19.2    .38 18.7
  3.0 270  77.5 121.04    .43 17.8    .21 18.9
  3.0 270  82.5 118.80    .16 18.6    .17 18.6
  3.0 270  87.5 118.64    .04 21.3    .08 18.5
  3.0 300 -87.5 135.09    .11 17.0    .00 12.8
  3.0 300 -82.5 134.47    .21 16.9    .02 12.8
  3.0 300 -77.5 134.04    .42 16.7    .06 12.5
  3.0 300 -72.5 133.46    .62 16.7    .12 12.1
  3.0 300 -67.5 132.66    .77 17.0    .23 11.8
  3.0 300 -62.5 131.73    .85 17.3    .40 11.6
  3.0 300 -57.5 130.73    .91 17.7    .59 11.4
  3.0 300 -52.5 129.67    .94 18.1    .82 11.2
  3.0 300 -47.5 128.55    .94 18.4   1.08 11.0
  3.0 300 -42.5 127.42    .92 18.6   1.36 22.9
  3.0 300 -37.5 126.32    .89 18.6   1.66 22.8
  3.0 300 -32.5 125.27    .87 18.4   1.95 22.7
  3.0 300 -27.5 124.27    .88 18.0   2.16 22.5
  3.0 300 -22.5 123.37    .91 17.3   2.28 22.4
  3.0 300 -17.5 122.58    .97 16.5   2.28 22.2
  3.0 300 -12.5 121.89   1.03 15.6   2.17 22.1
  3.0 300  -7.5 121.35   1.09 14.6   1.95 22.0
  3.0 300  -2.5 120.96   1.12 13.8   1.67 22.0
  3.0 300   2.5 120.77   1.08 13.4   1.38 21.9
  3.0 300   7.5 120.74    .97 13.2   1.07 21.8
  3.0 300  12.5 120.82    .79 13.1    .68 21.7
  3.0 300  17.5 121.07    .55 12.8    .28 22.4
  3.0 300  22.5 121.51    .23 12.7    .13 12.7
  3.0 300  27.5 122.11    .20 18.2    .16 15.0
  3.0 300  32.5 122.79    .55 23.6    .23 16.1
  3.0 300  37.5 123.49    .93 23.5    .40 16.6
  3.0 300  42.5 124.17   1.29 23.5    .63 16.5
  3.0 300  47.5 124.80   1.58 23.4    .89 16.5
  3.0 300  52.5 125.32   1.71 23.4   1.07 16.5
  3.0 300  57.5 125.64   1.53 23.3   1.03 16.5
  3.0 300  62.5 125.57   1.01 23.3    .74 16.3
  3.0 300  67.5 124.86    .39 23.0    .38 15.2
  3.0 300  72.5 123.32    .09 18.3    .23 13.4
  3.0 300  77.5 121.00    .05 16.2    .19 12.4
  3.0 300  82.5 119.06    .07 20.1    .13 12.5
  3.0 300  87.5 119.04    .11 22.4    .05 12.8
  3.0 330 -87.5 131.35    .17 16.8    .00 17.5
  3.0 330 -82.5 130.83    .31 16.6    .03 17.5
  3.0 330 -77.5 130.47    .60 16.4    .07 16.6
  3.0 330 -72.5 129.97    .90 16.5    .11 15.4
  3.0 330 -67.5 129.22   1.21 16.8    .19 15.1
  3.0 330 -62.5 128.33   1.52 17.1    .27 15.0
  3.0 330 -57.5 127.35   1.83 17.3    .35 15.1
  3.0 330 -52.5 126.32   2.11 17.4    .43 15.4
  3.0 330 -47.5 125.27   2.33 17.4    .51 15.8
  3.0 330 -42.5 124.25   2.48 17.2    .62 16.2
  3.0 330 -37.5 123.29   2.56 16.9    .78 16.7
  3.0 330 -32.5 122.41   2.58 16.6    .96 17.0
  3.0 330 -27.5 121.69   2.56 16.2   1.11 17.1
  3.0 330 -22.5 121.13   2.49 15.8   1.17 17.2
  3.0 330 -17.5 120.74   2.36 15.5   1.12 17.2
  3.0 330 -12.5 120.49   2.19 15.2    .98 17.0
  3.0 330  -7.5 120.39   2.01 15.0    .83 16.9
  3.0 330  -2.5 120.41   1.83 14.8    .75 16.8
  3.0 330   2.5 120.52   1.64 14.7    .78 16.6
  3.0 330   7.5 120.70   1.43 14.7    .87 16.5
  3.0 330  12.5 120.89   1.23 14.7    .95 16.5
  3.0 330  17.5 121.10   1.04 14.8   1.00 16.6
  3.0 330  22.5 121.34    .86 14.9   1.04 16.7
  3.0 330  27.5 121.59    .72 15.1   1.07 16.9
  3.0 330  32.5 121.79    .66 15.4   1.09 17.2
  3.0 330  37.5 121.86    .74 16.1   1.11 17.5
  3.0 330  42.5 121.77    .97 16.7   1.09 17.8
  3.0 330  47.5 121.51   1.35 17.0   1.04 18.1
  3.0 330  52.5 121.04   1.80 17.1    .99 18.5
  3.0 330  57.5 120.39   2.25 17.1    .90 18.8
  3.0 330  62.5 119.60   2.60 17.2    .74 19.0
  3.0 330  67.5 118.68   2.83 17.3    .53 19.6
  3.0 330  72.5 117.55   2.88 17.5    .45 20.7
  3.0 330  77.5 116.03   2.61 17.7    .53 21.6
  3.0 330  82.5 114.69   1.92 17.7    .53 22.0
  3.0 330  87.5 114.66    .94 17.7    .23 22.1
  3.0 360 -87.5 120.52    .59 15.1    .00 12.8
  3.0 360 -82.5 120.06   1.03 15.3    .02 12.8
  3.0 360 -77.5 120.38   1.79 15.8    .10 12.2
  3.0 360 -72.5 120.97   2.29 16.3    .28 11.4
  3.0 360 -67.5 121.48   2.61 16.8    .54 22.9
  3.0 360 -62.5 121.93   2.82 17.1    .87 22.4
  3.0 360 -57.5 122.25   2.96 17.2   1.22 22.1
  3.0 360 -52.5 122.35   3.06 17.1   1.53 21.9
  3.0 360 -47.5 122.28   3.12 16.8   1.74 21.7
  3.0 360 -42.5 122.09   3.17 16.5   1.79 21.5
  3.0 360 -37.5 121.78   3.21 16.1   1.69 21.2
  3.0 360 -32.5 121.35   3.24 15.7   1.50 20.8
  3.0 360 -27.5 120.89   3.22 15.3   1.30 20.0
  3.0 360 -22.5 120.55   3.09 14.9   1.11 19.1
  3.0 360 -17.5 120.39   2.81 14.7    .99 18.2
  3.0 360 -12.5 120.38   2.45 14.7    .95 17.3
  3.0 360  -7.5 120.51   2.09 14.7    .98 16.7
  3.0 360  -2.5 120.73   1.74 14.7   1.06 16.3
  3.0 360   2.5 120.88   1.48 14.7   1.14 16.2
  3.0 360   7.5 120.90   1.39 14.7   1.15 16.1
  3.0 360  12.5 120.90   1.51 14.9   1.08 16.2
  3.0 360  17.5 120.97   1.74 15.0    .97 16.4
  3.0 360  22.5 121.08   2.03 15.1    .87 16.8
  3.0 360  27.5 121.19   2.38 15.0    .83 17.5
  3.0 360  32.5 121.32   2.81 15.1    .93 18.3
  3.0 360  37.5 121.55   3.21 15.2   1.13 19.0
  3.0 360  42.5 121.83   3.46 15.6   1.28 19.4
  3.0 360  47.5 122.09   3.57 16.0   1.35 19.8
  3.0 360  52.5 122.26   3.60 16.5   1.32 20.1
  3.0 360  57.5 122.24   3.60 17.0   1.22 20.5
  3.0 360  62.5 121.97   3.54 17.3   1.06 20.8
  3.0 360  67.5 121.46   3.38 17.4    .86 21.3
  3.0 360  72.5 120.79   3.06 17.3    .66 21.9
  3.0 360  77.5 119.79   2.55 16.9    .49 22.4
  3.0 360  82.5 118.99   1.87 16.1    .32 22.6
  3.0 360  87.5 119.29   1.03 15.2    .11 22.6
