  1  30 -87.5 107.66   1.74 17.1    .17 17.3 240
  1  30 -82.5 109.40   2.48 17.2    .15 17.3 240
  1  30 -77.5 111.28   3.21 17.4    .23 17.5 240
  1  30 -72.5 112.23   2.75 17.9    .50 20.7 240
  1  30 -67.5 112.98   1.86 18.4   1.20 11.7 240
  1  30 -62.5 113.75   1.10 18.4   1.90 11.7 240
  1  30 -57.5 114.50    .67 16.7   2.02 11.8 240
  1  30 -52.5 115.17    .78 14.1   1.92 12.0 240
  1  30 -47.5 115.59   1.22 12.5   1.83 12.0 240
  1  30 -42.5 115.99   1.55 12.0   1.82 11.7 240
  1  30 -37.5 116.23   1.58 11.7   1.94 11.3 240
  1  30 -32.5 116.14   1.33 11.7   2.15 11.0 240
  1  30 -27.5 115.96    .95 11.8   2.28 22.9 240
  1  30 -22.5 115.79    .61 12.4   2.32 11.1 240
  1  30 -17.5 115.67    .44 13.4   2.39 11.3 240
  1  30 -12.5 115.78    .42 14.2   2.57 11.6 240
  1  30  -7.5 116.06    .53 15.2   2.85 11.8 240
  1  30  -2.5 116.39    .74 16.2   3.18 11.9 240
  1  30   2.5 116.71   1.15 16.8   3.44 11.9 240
  1  30   7.5 116.89   1.79 16.9   3.57 11.6 240
  1  30  12.5 116.95   2.55 16.6   3.59 11.2 240
  1  30  17.5 117.00   3.20 16.2   3.54 22.8 240
  1  30  22.5 117.18   3.44 15.7   3.24 22.5 240
  1  30  27.5 117.45   3.31 15.2   2.66 22.4 240
  1  30  32.5 117.82   2.94 14.8   1.95 22.4 240
  1  30  37.5 118.27   2.43 14.5   1.30 22.7 240
  1  30  42.5 118.75   1.93 14.4    .89 11.4 240
  1  30  47.5 119.29   1.53 14.7    .79 12.5 240
  1  30  52.5 119.86   1.29 15.3    .94 13.3 240
  1  30  57.5 120.42   1.22 16.1   1.17 13.7 240
  1  30  62.5 120.96   1.21 16.7   1.35 13.9 240
  1  30  67.5 121.49   1.13 17.0   1.41 13.9 240
  1  30  72.5 122.03    .98 17.2   1.32 13.9 240
  1  30  77.5 122.69    .81 17.3   1.06 14.0 240
  1  30  82.5 123.35    .62 17.6    .45 16.9 240
  1  30  87.5 123.85    .34 18.0    .02 19.6 240
  1  60 -87.5 106.22   2.58 15.3    .06 16.9 240
  1  60 -82.5 107.62   3.59 15.3    .06 16.9 240
  1  60 -77.5 109.54   4.24 15.3    .22 19.7 240
  1  60 -72.5 110.94   2.92 15.9    .80 22.1 240
  1  60 -67.5 111.95   1.55 17.7   1.55 21.2 240
  1  60 -62.5 112.76    .92 20.5   1.86 20.5 240
  1  60 -57.5 113.34    .66 24.0   1.62 20.0 240
  1  60 -52.5 113.81    .65 26.6   1.23 20.2 240
  1  60 -47.5 114.07    .57 27.0   1.24 21.2 240
  1  60 -42.5 114.32    .37 25.8   1.70 22.0 240
  1  60 -37.5 114.52    .19 22.5   2.15 22.2 240
  1  60 -32.5 114.66    .18 18.0   2.35 22.3 240
  1  60 -27.5 114.73    .29 14.5   2.30 22.2 240
  1  60 -22.5 114.72    .50 12.5   2.07 22.1 240
  1  60 -17.5 114.69    .74 11.7   1.73 22.0 240
  1  60 -12.5 114.74    .93 11.4   1.37 21.9 240
  1  60  -7.5 114.87   1.05 11.5   1.04 22.0 240
  1  60  -2.5 115.03   1.10 11.6    .75 22.5 240
  1  60   2.5 115.20   1.08 11.7    .61 11.5 240
  1  60   7.5 115.30    .99 11.9    .74 12.6 240
  1  60  12.5 115.35    .84 12.4   1.00 13.1 240
  1  60  17.5 115.39    .79 13.5   1.16 13.2 240
  1  60  22.5 115.44    .92 14.6   1.15 13.2 240
  1  60  27.5 115.73   1.12 15.4   1.10 13.1 240
  1  60  32.5 116.19   1.19 15.9   1.15 13.0 240
  1  60  37.5 116.77   1.12 16.3   1.39 13.0 240
  1  60  42.5 117.30   1.03 16.5   1.73 12.9 240
  1  60  47.5 117.73   1.12 16.1   1.95 12.8 240
  1  60  52.5 118.09   1.41 15.4   1.93 12.6 240
  1  60  57.5 118.55   1.75 14.8   1.71 12.3 240
  1  60  62.5 119.10   1.97 14.4   1.44 12.2 240
  1  60  67.5 119.76   2.07 14.3   1.20 12.1 240
  1  60  72.5 120.33   2.04 14.4    .98 12.0 240
  1  60  77.5 120.74   1.84 14.6    .70 11.7 240
  1  60  82.5 120.93   1.43 14.7    .31 11.9 240
  1  60  87.5 120.95    .83 14.8    .09 12.3 240
  1  90 -87.5 106.61   2.43 13.8    .15 11.7 240
  1  90 -82.5 108.93   3.38 13.7    .12 11.7 240
  1  90 -77.5 111.72   4.15 13.6    .38 22.4 240
  1  90 -72.5 113.01   3.16 13.7   1.02 20.9 240
  1  90 -67.5 113.41   1.45 14.0   1.67 20.3 240
  1  90 -62.5 113.84    .87 32.3   1.84 19.7 240
  1  90 -57.5 114.21   1.78 26.4   1.35 19.2 240
  1  90 -52.5 114.38   2.59 26.4    .70 19.5 240
  1  90 -47.5 114.35   2.81 26.5    .49 20.8 240
  1  90 -42.5 114.20   2.80 26.6    .62 21.6 240
  1  90 -37.5 113.93   2.68 26.9    .72 21.4 240
  1  90 -32.5 113.59   2.47 27.2    .76 20.9 240
  1  90 -27.5 113.29   2.19 27.4    .74 20.5 240
  1  90 -22.5 113.12   1.89 27.4    .63 20.3 240
  1  90 -17.5 113.05   1.55 27.1    .47 21.0 240
  1  90 -12.5 113.10   1.18 26.6    .47 22.3 240
  1  90  -7.5 113.22    .78 26.2    .68 11.0 240
  1  90  -2.5 113.43    .38 27.7    .85 11.3 240
  1  90   2.5 113.64    .37 32.3    .88 11.3 240
  1  90   7.5 113.84    .86 11.6    .77 11.2 240
  1  90  12.5 114.11   1.44 12.0    .64 11.1 240
  1  90  17.5 114.47   1.92 12.0    .56 22.9 240
  1  90  22.5 114.87   2.27 11.9    .58 22.9 240
  1  90  27.5 115.32   2.53 11.9    .69 11.1 240
  1  90  32.5 115.80   2.72 12.1    .84 11.3 240
  1  90  37.5 116.41   2.89 12.2    .91 11.6 240
  1  90  42.5 117.21   3.03 12.2    .87 11.8 240
  1  90  47.5 118.07   3.14 12.2    .73 11.9 240
  1  90  52.5 118.79   3.17 12.4    .57 11.9 240
  1  90  57.5 119.39   3.07 12.9    .41 12.0 240
  1  90  62.5 119.87   2.85 13.4    .22 11.9 240
  1  90  67.5 120.36   2.54 13.8    .12 14.7 240
  1  90  72.5 120.80   2.11 14.1    .17 17.8 240
  1  90  77.5 121.33   1.62 14.0    .17 17.8 240
  1  90  82.5 121.84   1.17 13.8    .09 14.6 240
  1  90  87.5 122.16    .68 13.8    .08 11.7 240
  1 120 -87.5 112.48   2.25 23.1    .07 12.3 240
  1 120 -82.5 111.68   3.39 23.1    .10 12.3 240
  1 120 -77.5 111.32   4.61 23.1    .27 14.4 240
  1 120 -72.5 111.44   4.35 23.2    .27 18.9 240
  1 120 -67.5 111.89   3.65 23.4    .30 21.8 240
  1 120 -62.5 112.25   2.93 23.7    .51 22.3 240
  1 120 -57.5 112.55   2.26 24.3    .57 22.7 240
  1 120 -52.5 112.91   1.74 24.8    .74 11.3 240
  1 120 -47.5 113.32   1.38 24.8   1.13 11.6 240
  1 120 -42.5 113.74   1.09 24.5   1.65 11.7 240
  1 120 -37.5 114.07    .75 24.4   2.12 11.6 240
  1 120 -32.5 114.19    .36 25.5   2.43 11.6 240
  1 120 -27.5 114.15    .24 30.5   2.58 11.6 240
  1 120 -22.5 114.02    .45 11.1   2.68 11.7 240
  1 120 -17.5 113.92    .72 12.2   2.83 11.8 240
  1 120 -12.5 113.90    .91 12.9   3.05 11.9 240
  1 120  -7.5 113.99   1.01 13.4   3.25 12.0 240
  1 120  -2.5 114.18   1.05 13.5   3.34 12.0 240
  1 120   2.5 114.44   1.08 13.2   3.29 12.0 240
  1 120   7.5 114.69   1.15 12.5   3.14 12.0 240
  1 120  12.5 114.96   1.33 11.8   2.94 12.0 240
  1 120  17.5 115.26   1.57 11.3   2.71 12.0 240
  1 120  22.5 115.67   1.75 11.1   2.49 12.1 240
  1 120  27.5 116.19   1.78 11.0   2.37 12.4 240
  1 120  32.5 116.81   1.62 11.0   2.36 12.7 240
  1 120  37.5 117.48   1.35 11.0   2.45 13.1 240
  1 120  42.5 118.13   1.06 11.0   2.52 13.4 240
  1 120  47.5 118.68    .86 11.4   2.43 13.6 240
  1 120  52.5 119.10    .89 12.1   2.08 13.9 240
  1 120  57.5 119.55   1.06 12.3   1.52 14.3 240
  1 120  62.5 120.06   1.17 11.7   1.10 15.2 240
  1 120  67.5 120.67   1.13 10.5    .98 16.2 240
  1 120  72.5 121.11   1.00 33.5    .96 16.6 240
  1 120  77.5 121.43    .78 33.1    .74 16.5 240
  1 120  82.5 121.67    .53 10.2    .30 17.2 240
  1 120  87.5 121.80    .34 12.1    .05 18.2 240
  1 150 -87.5 114.94   1.60 22.9    .13 13.7 240
  1 150 -82.5 113.36   2.56 22.9    .14 13.7 240
  1 150 -77.5 112.35   3.45 23.0    .61 11.5 240
  1 150 -72.5 112.21   2.90 23.4   1.28 21.6 240
  1 150 -67.5 112.78   2.04 24.6   1.50 22.1 240
  1 150 -62.5 113.42   1.48 26.4   1.59 22.6 240
  1 150 -57.5 113.88   1.12 28.7   1.75 22.9 240
  1 150 -52.5 114.27    .98 31.6   1.88 22.9 240
  1 150 -47.5 114.50   1.13 33.7   2.05 22.8 240
  1 150 -42.5 114.70   1.26 10.7   2.35 22.7 240
  1 150 -37.5 114.83   1.29 11.0   2.69 22.7 240
  1 150 -32.5 114.85   1.31 11.1   2.85 22.7 240
  1 150 -27.5 114.86   1.40 11.1   2.72 22.8 240
  1 150 -22.5 114.79   1.49 11.1   2.42 23.0 240
  1 150 -17.5 114.84   1.48 11.1   2.11 11.3 240
  1 150 -12.5 114.90   1.34 11.5   1.98 11.6 240
  1 150  -7.5 115.12   1.13 12.3   2.20 12.0 240
  1 150  -2.5 115.37    .94 14.1   2.78 12.2 240
  1 150   2.5 115.70   1.03 16.1   3.59 12.3 240
  1 150   7.5 115.91   1.48 17.2   4.38 12.1 240
  1 150  12.5 115.90   2.11 16.9   4.82 11.8 240
  1 150  17.5 115.70   2.86 16.0   4.70 11.4 240
  1 150  22.5 115.62   3.54 15.0   4.11 11.1 240
  1 150  27.5 115.88   3.90 14.3   3.32 22.9 240
  1 150  32.5 116.42   3.84 13.9   2.66 23.0 240
  1 150  37.5 117.14   3.50 13.6   2.20 23.0 240
  1 150  42.5 117.95   3.04 13.6   1.84 22.9 240
  1 150  47.5 118.83   2.57 13.7   1.45 22.8 240
  1 150  52.5 119.68   2.14 14.1   1.01 23.0 240
  1 150  57.5 120.45   1.78 14.7    .66 11.9 240
  1 150  62.5 121.03   1.52 15.6    .62 13.2 240
  1 150  67.5 121.38   1.42 16.5    .76 13.9 240
  1 150  72.5 121.54   1.45 17.3    .72 14.1 240
  1 150  77.5 121.58   1.46 17.9    .49 14.3 240
  1 150  82.5 121.51   1.33 18.3    .19 12.4 240
  1 150  87.5 121.36    .89 18.7    .05 22.3 240
  1 180 -87.5 115.97   1.91 25.1    .09 21.5 240
  1 180 -82.5 117.88   2.74 25.6    .08 21.5 240
  1 180 -77.5 119.29   3.96 26.1    .98 11.8 240
  1 180 -72.5 119.68   4.36 26.1   2.26 13.7 240
  1 180 -67.5 119.83   4.08 25.8   2.83 13.0 240
  1 180 -62.5 120.02   3.46 25.5   3.13 12.5 240
  1 180 -57.5 120.09   2.74 25.4   3.29 12.0 240
  1 180 -52.5 120.03   1.98 25.3   3.35 11.6 240
  1 180 -47.5 119.76   1.21 25.2   3.40 11.3 240
  1 180 -42.5 119.34    .51 22.6   3.51 11.1 240
  1 180 -37.5 118.84    .47 17.6   3.68 22.8 240
  1 180 -32.5 118.30   1.03 14.9   3.89 22.7 240
  1 180 -27.5 117.91   1.55 14.7   4.14 22.6 240
  1 180 -22.5 117.61   1.99 14.6   4.41 22.6 240
  1 180 -17.5 117.43   2.43 14.5   4.65 22.6 240
  1 180 -12.5 117.40   2.91 14.4   4.87 22.7 240
  1 180  -7.5 117.51   3.31 14.4   5.03 22.8 240
  1 180  -2.5 117.69   3.54 14.3   5.19 22.9 240
  1 180   2.5 117.89   3.52 14.4   5.35 11.1 240
  1 180   7.5 118.11   3.30 14.6   5.60 11.3 240
  1 180  12.5 118.33   3.01 14.9   5.95 11.5 240
  1 180  17.5 118.54   2.77 15.4   6.30 11.5 240
  1 180  22.5 118.70   2.59 15.8   6.49 11.5 240
  1 180  27.5 118.82   2.38 15.9   6.37 11.6 240
  1 180  32.5 118.84   2.11 15.7   5.95 11.5 240
  1 180  37.5 118.90   1.72 15.2   5.37 11.5 240
  1 180  42.5 119.02   1.16 14.7   4.76 11.5 240
  1 180  47.5 119.21    .50 19.3   4.17 11.6 240
  1 180  52.5 119.54    .78 24.6   3.63 11.8 240
  1 180  57.5 119.82   2.05 24.9   3.16 12.1 240
  1 180  62.5 119.89   3.19 24.5   2.88 12.5 240
  1 180  67.5 119.53   3.86 24.4   2.91 13.0 240
  1 180  72.5 119.18   3.98 24.3   3.10 13.6 240
  1 180  77.5 119.04   3.80 24.0   2.76 14.1 240
  1 180  82.5 118.06   3.50 24.1   1.18 16.8 240
  1 180  87.5 116.29   2.77 24.6    .04 19.3 240
  1 210 -87.5 124.61    .59 28.5    .15 14.5 240
  1 210 -82.5 124.77    .91 28.7    .13 14.5 240
  1 210 -77.5 124.93   1.38 29.2    .26 14.6 240
  1 210 -72.5 125.13   1.47 29.6    .49 13.5 240
  1 210 -67.5 125.42   1.24 29.2    .96 11.8 240
  1 210 -62.5 125.52   1.01 27.5   1.71 11.1 240
  1 210 -57.5 125.36   1.01 25.5   2.34 11.1 240
  1 210 -52.5 125.01   1.01 24.5   2.75 11.1 240
  1 210 -47.5 124.52    .78 24.2   3.06 11.2 240
  1 210 -42.5 123.99    .37 24.7   3.35 11.2 240
  1 210 -37.5 123.42    .29 30.4   3.67 11.3 240
  1 210 -32.5 122.86    .72 11.7   3.99 11.3 240
  1 210 -27.5 122.35   1.26 12.1   4.28 11.3 240
  1 210 -22.5 121.92   1.79 12.2   4.51 11.3 240
  1 210 -17.5 121.56   2.33 12.3   4.66 11.3 240
  1 210 -12.5 121.24   2.84 12.3   4.78 11.3 240
  1 210  -7.5 121.00   3.13 12.3   4.93 11.4 240
  1 210  -2.5 120.98   3.15 12.4   5.30 11.5 240
  1 210   2.5 121.11   2.92 12.7   5.91 11.6 240
  1 210   7.5 121.27   2.58 12.9   6.52 11.8 240
  1 210  12.5 121.22   2.33 12.9   6.83 11.9 240
  1 210  17.5 121.11   2.24 12.7   6.77 12.0 240
  1 210  22.5 120.97   2.13 12.1   6.42 12.0 240
  1 210  27.5 120.91   1.82 11.4   5.91 12.0 240
  1 210  32.5 120.85   1.34 10.2   5.30 11.9 240
  1 210  37.5 120.84    .92 32.1   4.67 11.9 240
  1 210  42.5 120.77    .91 29.1   4.18 11.7 240
  1 210  47.5 120.58   1.30 27.2   3.81 11.5 240
  1 210  52.5 120.14   1.70 27.1   3.44 11.3 240
  1 210  57.5 119.38   2.02 27.4   2.93 11.2 240
  1 210  62.5 118.42   2.27 27.2   2.61 11.0 240
  1 210  67.5 117.17   2.65 26.0   2.79 23.0 240
  1 210  72.5 115.91   3.44 24.6   3.08 11.1 240
  1 210  77.5 115.41   4.24 23.5   2.76 11.4 240
  1 210  82.5 113.99   4.51 22.5   1.29 14.0 240
  1 210  87.5 111.00   3.79 22.2    .21 16.4 240
  1 240 -87.5 136.26    .78 17.2    .12 12.1 240
  1 240 -82.5 136.06   1.22 16.9    .09 12.1 240
  1 240 -77.5 135.67   1.87 16.5    .21 23.0 240
  1 240 -72.5 135.15   2.18 15.8    .35 22.5 240
  1 240 -67.5 134.62   2.42 14.9    .40 12.2 240
  1 240 -62.5 134.06   2.66 13.8    .65 13.7 240
  1 240 -57.5 133.58   2.86 12.8    .99 14.3 240
  1 240 -52.5 133.12   3.06 11.8   1.33 14.6 240
  1 240 -47.5 132.64   3.36 11.0   1.56 14.9 240
  1 240 -42.5 132.23   3.60 10.5   1.53 15.2 240
  1 240 -37.5 131.78   3.56 10.4   1.22 15.5 240
  1 240 -32.5 131.32   3.30 10.4    .76 15.4 240
  1 240 -27.5 130.65   2.96 10.4    .60 14.1 240
  1 240 -22.5 129.82   2.69 10.4    .98 13.0 240
  1 240 -17.5 128.95   2.48 10.5   1.51 12.9 240
  1 240 -12.5 128.08   2.34 10.5   1.91 13.1 240
  1 240  -7.5 127.32   2.23 10.7   2.12 13.2 240
  1 240  -2.5 126.74   2.06 10.9   2.16 13.3 240
  1 240   2.5 126.37   1.78 11.4   2.04 13.3 240
  1 240   7.5 126.21   1.46 12.2   1.83 13.1 240
  1 240  12.5 126.23   1.17 13.4   1.69 12.8 240
  1 240  17.5 126.48    .96 15.1   1.75 12.5 240
  1 240  22.5 126.94    .83 17.8   2.00 12.4 240
  1 240  27.5 127.52   1.04 20.8   2.29 12.5 240
  1 240  32.5 128.02   1.65 22.9   2.40 12.8 240
  1 240  37.5 128.41   2.42 23.9   2.26 13.1 240
  1 240  42.5 128.49   3.22 24.3   1.94 13.4 240
  1 240  47.5 128.36   3.92 24.4   1.59 14.0 240
  1 240  52.5 128.10   4.54 24.5   1.38 14.5 240
  1 240  57.5 127.59   5.07 24.4   1.28 15.1 240
  1 240  62.5 126.92   5.37 24.4   1.24 16.2 240
  1 240  67.5 126.51   5.55 24.2   1.77 17.8 240
  1 240  72.5 127.36   5.55 23.9   2.93 18.6 240
  1 240  77.5 129.83   4.08 23.6   3.40 18.8 240
  1 240  82.5 131.76   1.74 19.2   1.96 18.2 240
  1 240  87.5 132.47   1.05 14.4    .76 17.6 240
  1 270 -87.5 129.12    .58 11.6    .24 18.5 240
  1 270 -82.5 129.48    .96 11.4    .23 18.5 240
  1 270 -77.5 129.88   1.69 11.2    .33 18.9 240
  1 270 -72.5 130.17   2.30 11.3    .47 19.8 240
  1 270 -67.5 130.24   2.79 11.5    .44 20.9 240
  1 270 -62.5 130.00   3.18 11.5    .44 22.6 240
  1 270 -57.5 129.80   3.40 11.2    .69 12.5 240
  1 270 -52.5 129.60   3.47 10.8   1.19 13.8 240
  1 270 -47.5 129.13   3.59 10.2   1.97 14.6 240
  1 270 -42.5 128.37   3.84 33.6   2.72 14.8 240
  1 270 -37.5 127.51   3.98 33.3   3.12 14.9 240
  1 270 -32.5 126.80   3.75 33.4   3.10 14.8 240
  1 270 -27.5 126.08   3.25 33.9   2.82 14.7 240
  1 270 -22.5 125.31   2.80 10.5   2.59 14.5 240
  1 270 -17.5 124.59   2.55 11.1   2.50 14.2 240
  1 270 -12.5 123.91   2.46 11.6   2.45 14.0 240
  1 270  -7.5 123.33   2.43 12.0   2.29 13.9 240
  1 270  -2.5 122.87   2.37 12.3   2.05 13.8 240
  1 270   2.5 122.50   2.25 12.5   1.80 13.6 240
  1 270   7.5 122.31   2.07 12.5   1.57 13.4 240
  1 270  12.5 122.35   1.73 12.5   1.48 13.0 240
  1 270  17.5 122.69   1.25 12.4   1.65 12.5 240
  1 270  22.5 123.22    .72 12.4   1.96 12.1 240
  1 270  27.5 123.79    .33 32.9   2.19 12.0 240
  1 270  32.5 124.26    .38 28.6   2.17 12.0 240
  1 270  37.5 124.68    .75 27.4   2.02 12.0 240
  1 270  42.5 125.14   1.21 27.2   1.92 12.1 240
  1 270  47.5 125.40   1.68 26.9   1.92 12.0 240
  1 270  52.5 125.48   1.92 26.6   1.96 11.7 240
  1 270  57.5 125.25   1.80 26.3   2.14 11.3 240
  1 270  62.5 125.15   1.32 25.6   2.43 11.0 240
  1 270  67.5 125.16    .76 23.2   2.51 11.1 240
  1 270  72.5 125.41    .89 20.8   2.18 11.7 240
  1 270  77.5 125.78   1.66 20.9   1.53 12.7 240
  1 270  82.5 124.68   2.26 22.3    .85 14.6 240
  1 270  87.5 122.94   2.06 23.9    .60 15.9 240
  1 300 -87.5 127.66    .08 31.3    .11 12.7 240
  1 300 -82.5 128.15    .35 33.5    .11 12.7 240
  1 300 -77.5 128.52   1.01 11.8    .15 15.0 240
  1 300 -72.5 128.63   1.86 12.1    .28 18.5 240
  1 300 -67.5 128.46   2.63 12.3    .56 19.9 240
  1 300 -62.5 128.09   3.14 12.3    .86 20.2 240
  1 300 -57.5 127.58   3.37 12.4   1.02 20.0 240
  1 300 -52.5 126.98   3.33 12.4   1.08 19.7 240
  1 300 -47.5 126.32   3.09 12.6   1.10 19.6 240
  1 300 -42.5 125.65   2.70 12.8   1.09 19.9 240
  1 300 -37.5 125.01   2.29 13.1   1.12 20.6 240
  1 300 -32.5 124.28   1.93 13.2   1.25 21.5 240
  1 300 -27.5 123.58   1.70 13.2   1.45 22.1 240
  1 300 -22.5 122.84   1.59 13.2   1.59 22.6 240
  1 300 -17.5 122.17   1.53 13.4   1.64 22.8 240
  1 300 -12.5 121.52   1.43 13.8   1.65 11.0 240
  1 300  -7.5 120.96   1.22 14.3   1.71 11.3 240
  1 300  -2.5 120.47    .89 15.2   1.86 11.6 240
  1 300   2.5 120.09    .59 17.6   2.11 11.8 240
  1 300   7.5 119.87    .61 20.9   2.34 11.9 240
  1 300  12.5 119.76    .90 22.9   2.52 11.9 240
  1 300  17.5 119.81   1.17 24.0   2.62 11.9 240
  1 300  22.5 119.91   1.46 25.0   2.57 11.8 240
  1 300  27.5 120.04   1.88 25.9   2.33 11.9 240
  1 300  32.5 120.11   2.44 26.4   1.96 12.0 240
  1 300  37.5 120.09   3.00 26.3   1.58 12.0 240
  1 300  42.5 119.95   3.47 25.8   1.30 11.7 240
  1 300  47.5 119.57   3.91 25.3   1.15 11.1 240
  1 300  52.5 119.02   4.31 24.8    .96 22.7 240
  1 300  57.5 118.50   4.85 24.4    .66 22.1 240
  1 300  62.5 118.28   5.56 24.0    .48 20.4 240
  1 300  67.5 118.41   6.35 23.6    .74 18.2 240
  1 300  72.5 119.08   6.89 23.3   1.33 16.9 240
  1 300  77.5 120.80   6.04 23.1   1.53 16.1 240
  1 300  82.5 122.24   3.44 23.2    .74 17.4 240
  1 300  87.5 123.07   1.07 26.9    .13 19.1 240
  1 330 -87.5 123.40    .06 20.1    .43 12.4 240
  1 330 -82.5 123.60    .21 23.4    .39 12.4 240
  1 330 -77.5 123.83    .53 26.7    .36 12.4 240
  1 330 -72.5 124.00    .82 25.5    .64 11.7 240
  1 330 -67.5 124.10   1.21 23.4   1.22 23.0 240
  1 330 -62.5 123.93   1.67 22.0   1.77 22.8 240
  1 330 -57.5 123.61   1.84 21.4   2.23 22.6 240
  1 330 -52.5 123.20   1.60 20.9   2.60 22.5 240
  1 330 -47.5 122.74   1.11 20.3   2.84 22.5 240
  1 330 -42.5 122.35    .66 18.8   2.94 22.6 240
  1 330 -37.5 122.07    .50 16.0   3.00 22.7 240
  1 330 -32.5 121.81    .71 13.7   3.09 22.9 240
  1 330 -27.5 121.58   1.13 12.6   3.24 11.0 240
  1 330 -22.5 121.33   1.66 12.2   3.45 11.2 240
  1 330 -17.5 121.03   2.25 12.0   3.63 11.3 240
  1 330 -12.5 120.74   2.83 11.8   3.76 11.5 240
  1 330  -7.5 120.53   3.27 11.8   3.89 11.6 240
  1 330  -2.5 120.49   3.43 11.8   4.19 11.6 240
  1 330   2.5 120.62   3.19 11.8   4.73 11.6 240
  1 330   7.5 120.85   2.67 11.8   5.34 11.6 240
  1 330  12.5 120.90   2.20 11.8   5.78 11.5 240
  1 330  17.5 120.84   1.97 11.8   5.85 11.5 240
  1 330  22.5 120.65   1.87 11.8   5.57 11.4 240
  1 330  27.5 120.61   1.60 11.9   5.12 11.4 240
  1 330  32.5 120.53   1.10 12.1   4.67 11.3 240
  1 330  37.5 120.49    .44 13.2   4.23 11.3 240
  1 330  42.5 120.40    .37 19.5   3.83 11.3 240
  1 330  47.5 120.18   1.00 25.3   3.42 11.2 240
  1 330  52.5 119.82   1.65 26.0   2.97 11.2 240
  1 330  57.5 119.13   2.13 26.6   2.61 11.0 240
  1 330  62.5 118.10   2.35 26.5   2.48 22.8 240
  1 330  67.5 116.61   2.47 25.5   2.48 22.7 240
  1 330  72.5 114.86   2.79 23.9   2.39 22.9 240
  1 330  77.5 113.84   3.32 22.4   1.85 11.1 240
  1 330  82.5 112.87   3.77 21.2    .81 12.3 240
  1 330  87.5 111.62   3.17 20.9    .18 13.4 240
  1 360 -87.5 119.68   2.01 24.1    .08 13.4 240
  1 360 -82.5 120.40   2.80 24.3    .10 13.4 240
  1 360 -77.5 121.03   4.04 24.7   1.14 13.1 240
  1 360 -72.5 121.36   4.66 24.7   2.32 12.7 240
  1 360 -67.5 121.75   4.59 24.6   2.30 12.6 240
  1 360 -62.5 121.87   3.98 24.6   2.12 12.5 240
  1 360 -57.5 121.74   3.19 24.6   2.23 12.2 240
  1 360 -52.5 121.41   2.38 24.6   2.53 11.8 240
  1 360 -47.5 120.85   1.58 24.5   2.82 11.5 240
  1 360 -42.5 120.27    .85 23.4   2.97 11.3 240
  1 360 -37.5 119.70    .54 19.8   3.02 11.2 240
  1 360 -32.5 119.17    .76 16.4   3.00 11.0 240
  1 360 -27.5 118.68   1.23 15.3   2.91 22.9 240
  1 360 -22.5 118.23   1.72 14.9   2.79 22.9 240
  1 360 -17.5 117.97   2.18 14.8   2.70 22.8 240
  1 360 -12.5 117.82   2.52 14.9   2.72 22.7 240
  1 360  -7.5 117.81   2.68 15.0   2.86 22.8 240
  1 360  -2.5 117.94   2.64 15.0   3.10 22.9 240
  1 360   2.5 118.17   2.42 15.0   3.39 11.1 240
  1 360   7.5 118.43   2.21 15.0   3.67 11.2 240
  1 360  12.5 118.64   2.04 15.0   3.94 11.4 240
  1 360  17.5 118.78   2.00 15.1   4.21 11.5 240
  1 360  22.5 118.90   2.07 15.1   4.51 11.6 240
  1 360  27.5 119.02   2.11 15.2   4.80 11.6 240
  1 360  32.5 119.14   2.02 15.3   5.01 11.5 240
  1 360  37.5 119.34   1.72 15.7   5.02 11.4 240
  1 360  42.5 119.65   1.35 16.4   4.82 11.3 240
  1 360  47.5 120.06   1.15 18.1   4.42 11.3 240
  1 360  52.5 120.58   1.38 20.3   3.83 11.3 240
  1 360  57.5 121.08   2.02 21.7   3.25 11.4 240
  1 360  62.5 121.57   2.84 22.4   2.85 11.6 240
  1 360  67.5 121.88   3.62 22.8   2.68 11.8 240
  1 360  72.5 122.06   4.05 23.2   2.53 12.3 240
  1 360  77.5 122.62   4.00 23.5   2.11 13.0 240
  1 360  82.5 123.26   3.46 23.6   1.01 14.0 240
  1 360  87.5 123.67   2.27 23.5    .21 14.6 240
  2  30 -87.5 105.17   2.25 17.2    .14 13.8 240
  2  30 -82.5 106.54   3.23 17.1    .15 13.8 240
  2  30 -77.5 108.10   4.18 16.9    .45 14.1 240
  2  30 -72.5 109.24   3.53 16.8   1.01 13.5 240
  2  30 -67.5 110.56   2.65 17.3   1.68 12.2 240
  2  30 -62.5 111.97   2.33 18.1   2.48 11.3 240
  2  30 -57.5 113.05   2.00 18.6   2.98 11.0 240
  2  30 -52.5 113.78   1.29 17.9   3.02 22.9 240
  2  30 -47.5 114.31    .80 15.2   2.93 22.9 240
  2  30 -42.5 114.82    .85 12.9   2.98 23.0 240
  2  30 -37.5 115.32    .95 12.5   3.18 11.1 240
  2  30 -32.5 115.69    .99 12.7   3.40 11.2 240
  2  30 -27.5 115.88   1.13 12.7   3.53 11.3 240
  2  30 -22.5 115.92   1.33 12.6   3.55 11.4 240
  2  30 -17.5 115.89   1.58 12.7   3.49 11.4 240
  2  30 -12.5 115.91   1.79 12.9   3.41 11.4 240
  2  30  -7.5 116.02   1.88 13.1   3.32 11.4 240
  2  30  -2.5 116.14   1.86 13.3   3.19 11.5 240
  2  30   2.5 116.30   1.77 13.5   3.04 11.7 240
  2  30   7.5 116.43   1.73 13.8   2.87 11.9 240
  2  30  12.5 116.52   1.79 14.2   2.69 12.2 240
  2  30  17.5 116.56   1.95 14.4   2.50 12.3 240
  2  30  22.5 116.61   2.14 14.5   2.31 12.3 240
  2  30  27.5 116.74   2.26 14.4   2.20 12.4 240
  2  30  32.5 117.02   2.22 14.3   2.16 12.4 240
  2  30  37.5 117.50   2.03 14.2   2.17 12.6 240
  2  30  42.5 118.18   1.69 14.2   2.17 12.9 240
  2  30  47.5 118.99   1.23 14.3   2.19 13.3 240
  2  30  52.5 119.77    .75 15.0   2.26 13.7 240
  2  30  57.5 120.36    .50 16.6   2.29 14.0 240
  2  30  62.5 120.59    .63 17.5   2.06 14.1 240
  2  30  67.5 120.59    .94 16.9   1.48 14.1 240
  2  30  72.5 120.46   1.14 16.1    .82 14.2 240
  2  30  77.5 120.34   1.12 15.4    .38 14.4 240
  2  30  82.5 120.33    .96 15.1    .13 11.6 240
  2  30  87.5 120.34    .64 15.1    .04 20.7 240
  2  60 -87.5 106.41   1.90 15.7    .14 13.8 240
  2  60 -82.5 107.77   2.61 15.8    .14 13.8 240
  2  60 -77.5 109.38   3.03 16.2    .40 14.4 240
  2  60 -72.5 110.35   2.28 17.6    .72 13.4 240
  2  60 -67.5 111.12   1.86 19.6   1.17 11.0 240
  2  60 -62.5 111.81   1.59 20.8   1.63 22.0 240
  2  60 -57.5 112.39    .78 23.0   1.62 21.4 240
  2  60 -52.5 112.94    .54 27.7   1.55 21.4 240
  2  60 -47.5 113.45    .85 30.5   1.78 21.8 240
  2  60 -42.5 113.88    .80 30.4   2.32 22.4 240
  2  60 -37.5 114.15    .56 30.6   2.91 22.7 240
  2  60 -32.5 114.30    .43 32.3   3.31 22.9 240
  2  60 -27.5 114.37    .52 10.3   3.48 11.0 240
  2  60 -22.5 114.40    .71 11.3   3.45 11.1 240
  2  60 -17.5 114.43    .89 11.8   3.32 11.1 240
  2  60 -12.5 114.51   1.00 12.1   3.13 11.1 240
  2  60  -7.5 114.66   1.05 12.3   2.91 11.2 240
  2  60  -2.5 114.78   1.05 12.5   2.64 11.3 240
  2  60   2.5 114.93   1.05 12.7   2.36 11.6 240
  2  60   7.5 115.06   1.13 13.0   2.10 11.9 240
  2  60  12.5 115.17   1.28 13.3   1.90 12.3 240
  2  60  17.5 115.29   1.48 13.5   1.74 12.5 240
  2  60  22.5 115.49   1.63 13.6   1.67 12.7 240
  2  60  27.5 115.81   1.62 13.4   1.73 12.8 240
  2  60  32.5 116.29   1.47 13.2   1.88 13.0 240
  2  60  37.5 116.93   1.21 12.8   2.04 13.2 240
  2  60  42.5 117.67    .89 12.4   2.17 13.4 240
  2  60  47.5 118.42    .59 12.4   2.23 13.5 240
  2  60  52.5 119.01    .47 13.6   2.15 13.5 240
  2  60  57.5 119.53    .59 14.9   1.90 13.4 240
  2  60  62.5 119.98    .77 15.2   1.54 13.4 240
  2  60  67.5 120.42    .84 15.0   1.16 13.4 240
  2  60  72.5 120.74    .80 14.5    .81 13.6 240
  2  60  77.5 120.97    .73 13.8    .50 13.7 240
  2  60  82.5 121.19    .62 13.4    .19 11.2 240
  2  60  87.5 121.33    .42 13.8    .04 20.7 240
  2  90 -87.5 106.89   2.20 15.8    .01 20.5 240
  2  90 -82.5 109.13   3.17 15.6    .01 20.5 240
  2  90 -77.5 111.53   3.83 15.3    .23 20.3 240
  2  90 -72.5 112.99   2.45 15.2    .94 20.4 240
  2  90 -67.5 113.98    .81 20.8   1.77 20.8 240
  2  90 -62.5 114.57    .76 27.0   2.11 20.9 240
  2  90 -57.5 114.90   1.57 27.9   1.93 21.1 240
  2  90 -52.5 115.12   2.01 28.2   1.47 21.3 240
  2  90 -47.5 115.15   2.19 28.3    .94 21.4 240
  2  90 -42.5 115.06   2.19 28.2    .49 21.2 240
  2  90 -37.5 114.79   2.01 28.1    .20 19.3 240
  2  90 -32.5 114.48   1.70 27.9    .21 16.6 240
  2  90 -27.5 114.21   1.37 27.8    .43 15.0 240
  2  90 -22.5 113.95   1.09 27.5    .68 14.1 240
  2  90 -17.5 113.77    .86 27.4    .94 13.5 240
  2  90 -12.5 113.64    .65 27.7   1.09 13.2 240
  2  90  -7.5 113.59    .45 28.6   1.10 12.9 240
  2  90  -2.5 113.63    .30 31.6   1.01 12.7 240
  2  90   2.5 113.68    .40 11.1    .85 12.6 240
  2  90   7.5 113.75    .81 12.5    .66 13.2 240
  2  90  12.5 113.94   1.27 12.6    .59 14.2 240
  2  90  17.5 114.34   1.58 12.5    .71 15.0 240
  2  90  22.5 114.90   1.71 12.4    .84 15.3 240
  2  90  27.5 115.56   1.74 12.3    .82 15.2 240
  2  90  32.5 116.23   1.79 12.3    .64 14.6 240
  2  90  37.5 116.88   1.95 12.2    .45 13.4 240
  2  90  42.5 117.64   2.19 12.0    .50 11.8 240
  2  90  47.5 118.37   2.44 11.8    .71 22.9 240
  2  90  52.5 119.06   2.61 11.5    .80 22.6 240
  2  90  57.5 119.65   2.63 11.3    .71 22.4 240
  2  90  62.5 120.12   2.49 11.1    .47 22.3 240
  2  90  67.5 120.48   2.18 11.0    .20 22.6 240
  2  90  72.5 120.68   1.76 11.1    .06 12.7 240
  2  90  77.5 120.79   1.25 11.2    .04 14.4 240
  2  90  82.5 120.80    .72 11.2    .05 13.8 240
  2  90  87.5 120.69    .28 11.8    .02 13.2 240
  2 120 -87.5 111.18   2.15 22.7    .11 22.9 240
  2 120 -82.5 110.80   2.99 22.7    .09 22.9 240
  2 120 -77.5 110.65   3.73 22.7    .26 20.9 240
  2 120 -72.5 110.86   3.36 23.1    .63 20.1 240
  2 120 -67.5 111.42   2.88 23.7    .93 21.5 240
  2 120 -62.5 111.95   2.42 24.5    .95 21.8 240
  2 120 -57.5 112.39   1.91 25.7    .73 22.2 240
  2 120 -52.5 112.74   1.51 26.8    .64 22.9 240
  2 120 -47.5 113.09   1.14 27.1    .93 11.5 240
  2 120 -42.5 113.42    .81 26.4   1.50 11.8 240
  2 120 -37.5 113.69    .58 24.7   2.10 11.8 240
  2 120 -32.5 113.85    .42 22.4   2.68 11.7 240
  2 120 -27.5 113.93    .33 19.0   3.13 11.6 240
  2 120 -22.5 113.92    .39 15.8   3.44 11.6 240
  2 120 -17.5 113.91    .56 14.4   3.64 11.6 240
  2 120 -12.5 113.93    .72 14.5   3.79 11.7 240
  2 120  -7.5 114.05    .88 14.8   3.93 11.8 240
  2 120  -2.5 114.19   1.01 14.8   3.93 11.9 240
  2 120   2.5 114.40   1.11 14.4   3.78 12.0 240
  2 120   7.5 114.56   1.19 13.7   3.54 12.1 240
  2 120  12.5 114.75   1.27 12.9   3.24 12.2 240
  2 120  17.5 114.95   1.37 12.2   2.92 12.2 240
  2 120  22.5 115.27   1.46 11.6   2.63 12.2 240
  2 120  27.5 115.73   1.52 11.1   2.39 12.4 240
  2 120  32.5 116.32   1.49 10.7   2.24 12.6 240
  2 120  37.5 116.99   1.39 10.4   2.15 12.9 240
  2 120  42.5 117.68   1.26 10.3   2.09 13.2 240
  2 120  47.5 118.35   1.13 10.5   1.97 13.4 240
  2 120  52.5 118.96   1.09 10.7   1.70 13.6 240
  2 120  57.5 119.59   1.19 10.5   1.25 14.0 240
  2 120  62.5 120.19   1.40 34.0    .83 15.3 240
  2 120  67.5 120.79   1.65 33.1    .82 17.0 240
  2 120  72.5 121.28   1.82 32.3   1.06 17.9 240
  2 120  77.5 121.62   1.69 31.8    .97 18.1 240
  2 120  82.5 121.86   1.19 32.0    .42 19.1 240
  2 120  87.5 121.95    .56 33.2    .07 20.0 240
  2 150 -87.5 107.95    .96 19.8    .07 15.3 240
  2 150 -82.5 109.99   1.37 19.8    .06 15.3 240
  2 150 -77.5 111.85   1.65 20.2    .61 13.1 240
  2 150 -72.5 112.64   1.56 21.3   1.87 22.9 240
  2 150 -67.5 113.28   1.52 22.4   2.65 22.9 240
  2 150 -62.5 113.58   1.04 23.2   2.52 11.1 240
  2 150 -57.5 113.84    .49 27.2   2.20 11.3 240
  2 150 -52.5 114.21    .56 31.5   2.21 11.4 240
  2 150 -47.5 114.46    .85 32.7   2.44 11.5 240
  2 150 -42.5 114.68    .99 33.5   2.66 11.4 240
  2 150 -37.5 114.81   1.08 10.3   2.81 11.3 240
  2 150 -32.5 114.86   1.21 11.0   2.85 11.2 240
  2 150 -27.5 114.87   1.40 11.4   2.81 11.2 240
  2 150 -22.5 114.83   1.61 11.7   2.81 11.2 240
  2 150 -17.5 114.82   1.82 11.8   2.82 11.2 240
  2 150 -12.5 114.88   1.95 11.8   2.82 11.0 240
  2 150  -7.5 115.09   1.95 11.9   2.86 22.9 240
  2 150  -2.5 115.43   1.73 12.1   2.87 22.9 240
  2 150   2.5 115.84   1.31 12.8   2.95 11.1 240
  2 150   7.5 116.29   1.00 15.1   3.32 11.4 240
  2 150  12.5 116.74   1.20 17.6   4.04 11.6 240
  2 150  17.5 117.00   1.74 18.6   4.79 11.7 240
  2 150  22.5 116.95   2.28 18.1   5.08 11.7 240
  2 150  27.5 116.68   2.89 16.8   4.70 11.5 240
  2 150  32.5 116.64   3.66 15.8   3.85 11.3 240
  2 150  37.5 117.11   4.26 15.3   3.01 23.0 240
  2 150  42.5 117.84   4.40 15.4   2.39 22.8 240
  2 150  47.5 118.62   4.31 15.7   1.88 22.7 240
  2 150  52.5 119.24   4.18 16.1   1.42 22.6 240
  2 150  57.5 119.70   4.01 16.4   1.00 22.5 240
  2 150  62.5 120.04   3.76 16.5    .63 22.5 240
  2 150  67.5 120.38   3.41 16.6    .36 11.1 240
  2 150  72.5 120.72   2.95 16.6    .25 12.8 240
  2 150  77.5 121.00   2.32 16.9    .28 14.6 240
  2 150  82.5 121.07   1.55 17.5    .20 17.2 240
  2 150  87.5 120.94    .76 18.7    .08 19.2 240
  2 180 -87.5 117.54   2.22 25.0    .22 17.1 240
  2 180 -82.5 118.88   3.03 25.2    .19 17.1 240
  2 180 -77.5 119.65   4.01 25.5   1.03 15.5 240
  2 180 -72.5 119.53   4.07 25.5   2.26 13.4 240
  2 180 -67.5 119.46   3.63 25.2   2.77 12.6 240
  2 180 -62.5 119.48   2.91 25.1   3.12 11.9 240
  2 180 -57.5 119.38   2.01 25.2   3.49 11.4 240
  2 180 -52.5 119.15   1.04 26.6   3.81 11.1 240
  2 180 -47.5 118.82    .53 31.1   4.01 22.9 240
  2 180 -42.5 118.55    .70 11.6   4.18 22.8 240
  2 180 -37.5 118.35   1.15 13.4   4.41 22.8 240
  2 180 -32.5 118.08   1.60 14.1   4.63 22.8 240
  2 180 -27.5 117.89   2.03 14.1   4.81 22.7 240
  2 180 -22.5 117.69   2.48 13.8   4.95 22.7 240
  2 180 -17.5 117.50   2.92 13.6   5.08 22.7 240
  2 180 -12.5 117.38   3.29 13.5   5.23 22.7 240
  2 180  -7.5 117.37   3.52 13.6   5.40 22.9 240
  2 180  -2.5 117.49   3.57 13.8   5.68 11.1 240
  2 180   2.5 117.78   3.44 14.3   6.11 11.2 240
  2 180   7.5 118.18   3.21 14.9   6.68 11.3 240
  2 180  12.5 118.60   3.03 15.6   7.29 11.4 240
  2 180  17.5 118.85   2.96 16.1   7.71 11.4 240
  2 180  22.5 118.91   2.97 16.1   7.72 11.4 240
  2 180  27.5 118.94   2.93 16.0   7.37 11.4 240
  2 180  32.5 119.02   2.69 16.1   6.86 11.4 240
  2 180  37.5 119.24   2.20 16.6   6.33 11.4 240
  2 180  42.5 119.42   1.63 18.0   5.74 11.5 240
  2 180  47.5 119.55   1.35 20.1   5.04 11.6 240
  2 180  52.5 119.65   1.60 22.3   4.30 11.8 240
  2 180  57.5 119.59   2.15 23.6   3.60 12.1 240
  2 180  62.5 119.39   2.65 24.4   3.03 12.6 240
  2 180  67.5 119.07   2.91 24.9   2.70 13.3 240
  2 180  72.5 118.76   2.88 24.9   2.53 14.0 240
  2 180  77.5 118.13   2.56 24.4   2.13 14.6 240
  2 180  82.5 116.48   2.02 24.1   1.01 16.2 240
  2 180  87.5 114.38   1.35 24.4    .25 17.6 240
  2 210 -87.5 138.13    .24 17.7    .66 11.2 240
  2 210 -82.5 138.09    .43 15.2    .50 11.2 240
  2 210 -77.5 137.49    .87 11.5    .50 13.4 240
  2 210 -72.5 136.67   1.35 10.4    .96 15.5 240
  2 210 -67.5 135.81   1.67 10.5   1.46 15.3 240
  2 210 -62.5 135.09   1.82 10.7   1.91 15.4 240
  2 210 -57.5 134.45   1.98 10.9   2.24 15.6 240
  2 210 -52.5 133.77   2.21 10.9   2.35 15.7 240
  2 210 -47.5 132.86   2.36 11.0   2.27 15.7 240
  2 210 -42.5 131.91   2.35 11.0   2.03 15.6 240
  2 210 -37.5 130.88   2.24 11.1   1.76 15.4 240
  2 210 -32.5 129.94   2.07 10.9   1.52 14.9 240
  2 210 -27.5 129.22   1.99 10.6   1.50 14.1 240
  2 210 -22.5 128.73   2.00 10.4   1.83 13.5 240
  2 210 -17.5 128.37   2.08 10.6   2.32 13.0 240
  2 210 -12.5 128.12   2.15 10.9   2.80 12.8 240
  2 210  -7.5 127.93   2.13 11.2   3.21 12.7 240
  2 210  -2.5 127.79   2.03 11.5   3.47 12.6 240
  2 210   2.5 127.74   1.85 11.9   3.61 12.6 240
  2 210   7.5 127.91   1.51 12.7   3.62 12.6 240
  2 210  12.5 128.40   1.08 14.4   3.55 12.6 240
  2 210  17.5 128.87    .80 18.0   3.49 12.7 240
  2 210  22.5 129.24    .97 21.8   3.53 12.9 240
  2 210  27.5 129.43   1.62 23.9   3.60 13.0 240
  2 210  32.5 129.74   2.29 24.7   3.52 13.1 240
  2 210  37.5 130.08   2.84 24.9   3.16 12.9 240
  2 210  42.5 130.04   3.43 25.2   2.40 12.5 240
  2 210  47.5 129.87   4.04 25.6   1.52 11.6 240
  2 210  52.5 129.78   4.61 25.3   1.31 21.8 240
  2 210  57.5 129.03   5.37 24.3   2.01 20.1 240
  2 210  62.5 128.01   6.28 23.5   2.69 19.3 240
  2 210  67.5 128.68   5.79 23.2   2.32 18.4 240
  2 210  72.5 131.37   3.02 23.2   1.15 15.7 240
  2 210  77.5 133.33    .99 27.7   1.00 12.4 240
  2 210  82.5 133.35    .80 30.1    .82 21.5 240
  2 210  87.5 132.67    .90 26.7    .11 19.9 240
  2 240 -87.5 137.33    .67 20.3    .35 19.9 240
  2 240 -82.5 136.87    .85 20.0    .30 19.9 240
  2 240 -77.5 136.27    .89 18.4    .32 18.8 240
  2 240 -72.5 135.66   1.14 15.0    .45 17.0 240
  2 240 -67.5 135.24   2.29 12.3    .67 15.8 240
  2 240 -62.5 134.90   3.66 11.8    .97 15.2 240
  2 240 -57.5 134.76   4.58 11.7   1.30 14.9 240
  2 240 -52.5 134.62   4.90 11.6   1.53 15.0 240
  2 240 -47.5 134.41   4.71 11.5   1.61 15.3 240
  2 240 -42.5 134.04   4.28 11.4   1.60 15.8 240
  2 240 -37.5 133.42   3.81 11.1   1.41 16.1 240
  2 240 -32.5 132.72   3.45 10.7   1.04 16.1 240
  2 240 -27.5 131.95   3.24 10.3    .73 15.3 240
  2 240 -22.5 131.13   3.13 33.9    .75 14.3 240
  2 240 -17.5 130.40   3.08 33.6   1.10 13.7 240
  2 240 -12.5 129.61   3.05 33.3   1.43 13.7 240
  2 240  -7.5 128.85   2.98 33.0   1.65 13.8 240
  2 240  -2.5 128.21   2.91 32.8   1.75 14.0 240
  2 240   2.5 127.72   2.78 32.5   1.78 14.1 240
  2 240   7.5 127.31   2.50 32.2   1.74 14.1 240
  2 240  12.5 127.10   2.13 31.6   1.54 13.9 240
  2 240  17.5 127.01   1.83 30.6   1.32 13.5 240
  2 240  22.5 127.19   1.73 29.2   1.33 12.8 240
  2 240  27.5 127.69   1.73 27.7   1.66 12.2 240
  2 240  32.5 128.30   1.84 26.6   2.09 11.9 240
  2 240  37.5 129.08   2.13 25.8   2.22 11.8 240
  2 240  42.5 129.98   2.29 25.5   1.77 12.1 240
  2 240  47.5 130.66   2.28 25.4   1.04 12.7 240
  2 240  52.5 130.96   2.28 25.5    .56 13.8 240
  2 240  57.5 130.76   2.23 25.8    .37 14.4 240
  2 240  62.5 130.61   2.36 25.9    .34 13.2 240
  2 240  67.5 130.60   2.85 25.6    .37 11.6 240
  2 240  72.5 130.88   3.75 25.6    .40 22.0 240
  2 240  77.5 131.71   4.76 25.6    .47 19.9 240
  2 240  82.5 132.98   4.72 25.1    .59 18.1 240
  2 240  87.5 134.34   3.02 23.9    .76 17.2 240
  2 270 -87.5 134.03    .66 15.0    .29 19.3 240
  2 270 -82.5 134.01   1.07 15.0    .26 19.3 240
  2 270 -77.5 133.86   1.67 14.8    .23 18.5 240
  2 270 -72.5 133.55   2.01 14.3    .38 17.6 240
  2 270 -67.5 133.10   2.41 13.5    .66 17.5 240
  2 270 -62.5 132.51   2.94 12.7    .95 17.6 240
  2 270 -57.5 132.00   3.51 12.1   1.28 17.4 240
  2 270 -52.5 131.54   3.97 11.7   1.55 17.3 240
  2 270 -47.5 131.00   4.21 11.4   1.68 17.2 240
  2 270 -42.5 130.37   4.17 11.2   1.62 17.2 240
  2 270 -37.5 129.53   3.87 11.1   1.33 17.2 240
  2 270 -32.5 128.61   3.42 11.1    .96 16.8 240
  2 270 -27.5 127.60   3.02 11.2    .81 15.8 240
  2 270 -22.5 126.61   2.78 11.3   1.02 14.8 240
  2 270 -17.5 125.77   2.61 11.5   1.34 14.3 240
  2 270 -12.5 124.96   2.46 11.8   1.57 14.1 240
  2 270  -7.5 124.13   2.32 12.0   1.72 14.0 240
  2 270  -2.5 123.50   2.16 12.5   1.74 14.0 240
  2 270   2.5 122.92   1.95 13.0   1.65 14.0 240
  2 270   7.5 122.51   1.68 13.8   1.55 13.9 240
  2 270  12.5 122.39   1.41 15.1   1.43 13.6 240
  2 270  17.5 122.47   1.40 16.9   1.38 13.0 240
  2 270  22.5 122.73   1.67 18.4   1.50 12.4 240
  2 270  27.5 123.18   1.88 19.2   1.69 12.1 240
  2 270  32.5 123.77   1.90 20.3   1.80 12.3 240
  2 270  37.5 124.39   2.09 22.0   1.85 12.9 240
  2 270  42.5 124.74   2.75 23.6   2.01 13.8 240
  2 270  47.5 124.62   3.56 24.3   2.18 14.7 240
  2 270  52.5 124.16   4.12 24.6   2.21 15.5 240
  2 270  57.5 123.47   4.29 24.5   2.39 16.3 240
  2 270  62.5 123.20   3.97 24.4   2.95 16.9 240
  2 270  67.5 124.10   3.10 24.1   3.35 17.0 240
  2 270  72.5 126.71   2.12 22.9   2.97 16.9 240
  2 270  77.5 128.95   1.91 20.8   1.92 17.3 240
  2 270  82.5 128.29   2.04 18.7    .71 15.6 240
  2 270  87.5 126.63   1.53 16.1    .16 13.6 240
  2 300 -87.5 129.66    .18 27.7    .03 19.5 240
  2 300 -82.5 129.72    .21 29.8    .05 19.5 240
  2 300 -77.5 129.58    .43 33.5    .20 19.6 240
  2 300 -72.5 129.29    .90 11.8    .52 20.4 240
  2 300 -67.5 128.93   1.45 12.7    .89 21.3 240
  2 300 -62.5 128.54   1.94 13.0   1.20 21.6 240
  2 300 -57.5 128.13   2.35 13.2   1.28 21.9 240
  2 300 -52.5 127.59   2.62 13.2   1.18 22.1 240
  2 300 -47.5 126.91   2.73 13.2   1.01 22.2 240
  2 300 -42.5 126.13   2.68 13.3    .88 22.2 240
  2 300 -37.5 125.36   2.48 13.4    .91 22.2 240
  2 300 -32.5 124.58   2.18 13.5   1.11 22.4 240
  2 300 -27.5 123.87   1.84 13.6   1.42 22.5 240
  2 300 -22.5 123.17   1.59 13.6   1.73 22.7 240
  2 300 -17.5 122.50   1.40 13.4   1.92 22.8 240
  2 300 -12.5 121.75   1.23 13.3   1.98 22.8 240
  2 300  -7.5 121.05   1.06 13.6   1.95 22.9 240
  2 300  -2.5 120.45    .83 14.7   1.94 23.0 240
  2 300   2.5 120.06    .69 16.8   2.01 11.2 240
  2 300   7.5 119.89    .76 19.2   2.12 11.3 240
  2 300  12.5 119.86    .97 21.0   2.28 11.5 240
  2 300  17.5 119.97   1.24 22.2   2.40 11.6 240
  2 300  22.5 120.10   1.51 23.2   2.37 11.7 240
  2 300  27.5 120.26   1.88 24.2   2.17 11.7 240
  2 300  32.5 120.32   2.36 25.2   1.77 11.7 240
  2 300  37.5 120.30   2.84 25.8   1.22 11.5 240
  2 300  42.5 120.11   3.20 25.9    .80 22.8 240
  2 300  47.5 119.68   3.44 25.8    .64 22.0 240
  2 300  52.5 119.21   3.74 25.3    .62 21.6 240
  2 300  57.5 118.84   4.26 24.6    .63 21.4 240
  2 300  62.5 118.81   5.07 23.9    .64 20.4 240
  2 300  67.5 119.02   6.13 23.5    .98 18.7 240
  2 300  72.5 119.56   6.80 23.3   1.83 17.6 240
  2 300  77.5 121.24   5.67 23.2   2.07 17.1 240
  2 300  82.5 122.71   2.81 22.8   1.00 14.9 240
  2 300  87.5 123.36    .64 26.3    .26 12.9 240
  2 330 -87.5 123.14    .37 25.0    .08 21.5 240
  2 330 -82.5 123.47    .52 25.0    .10 21.5 240
  2 330 -77.5 123.75    .84 25.0    .35 22.7 240
  2 330 -72.5 123.86   1.26 24.9    .81 11.6 240
  2 330 -67.5 123.93   1.67 24.7   1.25 23.0 240
  2 330 -62.5 123.91   1.87 24.8   1.67 22.6 240
  2 330 -57.5 123.89   1.86 24.9   2.13 22.4 240
  2 330 -52.5 123.81   1.65 25.0   2.67 22.3 240
  2 330 -47.5 123.61   1.31 25.2   3.17 22.2 240
  2 330 -42.5 123.17    .86 26.0   3.53 22.2 240
  2 330 -37.5 122.61    .52 29.1   3.76 22.4 240
  2 330 -32.5 121.96    .73 33.0   3.96 22.6 240
  2 330 -27.5 121.44   1.34 11.1   4.20 22.8 240
  2 330 -22.5 121.02   2.06 11.8   4.47 11.0 240
  2 330 -17.5 120.82   2.80 12.2   4.72 11.1 240
  2 330 -12.5 120.73   3.45 12.4   4.90 11.3 240
  2 330  -7.5 120.78   3.80 12.5   5.01 11.4 240
  2 330  -2.5 121.12   3.64 12.5   5.24 11.6 240
  2 330   2.5 121.42   3.12 12.5   5.59 11.9 240
  2 330   7.5 121.61   2.57 12.3   5.92 12.1 240
  2 330  12.5 121.58   2.14 12.1   6.07 12.1 240
  2 330  17.5 121.57   1.68 11.7   6.07 12.1 240
  2 330  22.5 121.63   1.19 10.8   5.99 12.0 240
  2 330  27.5 121.64    .99 32.6   5.80 12.0 240
  2 330  32.5 121.35   1.28 30.6   5.22 12.0 240
  2 330  37.5 120.93   1.73 30.2   4.23 11.9 240
  2 330  42.5 120.52   1.99 30.2   3.30 11.6 240
  2 330  47.5 120.13   2.01 30.2   2.90 11.2 240
  2 330  52.5 119.67   1.85 29.8   3.13 22.8 240
  2 330  57.5 118.73   1.61 28.5   3.63 22.6 240
  2 330  62.5 117.52   1.73 25.9   4.02 22.6 240
  2 330  67.5 115.89   2.61 23.5   4.09 22.7 240
  2 330  72.5 114.18   3.95 22.3   3.79 22.9 240
  2 330  77.5 112.97   5.06 21.3   2.93 11.2 240
  2 330  82.5 111.21   5.64 20.1   1.26 12.9 240
  2 330  87.5 108.97   4.72 19.8    .19 14.4 240
  2 360 -87.5 119.02   1.76 23.9    .35 18.0 240
  2 360 -82.5 119.93   2.37 24.0    .29 18.0 240
  2 360 -77.5 120.58   3.19 24.1   1.21 15.0 240
  2 360 -72.5 120.72   3.47 23.6   2.46 11.9 240
  2 360 -67.5 120.85   3.31 23.1   2.58 11.8 240
  2 360 -62.5 120.81   2.88 23.0   2.20 12.1 240
  2 360 -57.5 120.81   2.57 23.3   1.90 12.5 240
  2 360 -52.5 120.78   2.37 23.6   1.76 12.7 240
  2 360 -47.5 120.57   2.14 23.4   1.62 12.6 240
  2 360 -42.5 120.25   1.77 22.9   1.43 12.3 240
  2 360 -37.5 119.79   1.33 21.8   1.25 11.7 240
  2 360 -32.5 119.37   1.10 19.8   1.28 22.9 240
  2 360 -27.5 118.94   1.20 17.6   1.53 22.2 240
  2 360 -22.5 118.53   1.50 16.1   1.83 21.8 240
  2 360 -17.5 118.18   1.81 15.4   2.12 21.7 240
  2 360 -12.5 117.91   2.05 15.1   2.37 21.7 240
  2 360  -7.5 117.82   2.21 15.0   2.62 21.8 240
  2 360  -2.5 117.81   2.27 14.8   2.79 21.9 240
  2 360   2.5 117.91   2.26 14.5   2.87 22.1 240
  2 360   7.5 118.09   2.27 14.2   2.94 22.3 240
  2 360  12.5 118.25   2.21 14.0   3.08 22.6 240
  2 360  17.5 118.40   2.14 14.0   3.35 22.8 240
  2 360  22.5 118.57   2.15 14.2   3.73 23.0 240
  2 360  27.5 118.78   2.12 14.4   4.09 11.1 240
  2 360  32.5 119.06   1.93 14.6   4.33 11.1 240
  2 360  37.5 119.38   1.52 15.0   4.39 11.1 240
  2 360  42.5 119.75   1.02 15.9   4.29 11.1 240
  2 360  47.5 120.11    .71 18.8   4.02 11.1 240
  2 360  52.5 120.50    .96 22.1   3.61 11.1 240
  2 360  57.5 120.84   1.68 23.4   3.12 11.2 240
  2 360  62.5 121.18   2.56 23.6   2.66 11.4 240
  2 360  67.5 121.39   3.53 23.7   2.32 11.6 240
  2 360  72.5 121.49   4.37 23.7   2.09 12.1 240
  2 360  77.5 121.87   4.57 23.8   1.83 12.6 240
  2 360  82.5 122.49   3.81 23.8    .93 12.0 240
  2 360  87.5 122.99   2.30 23.6    .22 11.2 240
