  1  30 -87.5 107.42   2.34 16.7    .17 17.4 240
  1  30 -82.5 109.13   3.17 16.8    .15 17.4 240
  1  30 -77.5 111.09   3.79 17.0    .12 17.6 240
  1  30 -72.5 112.25   2.93 17.8    .49 14.8 240
  1  30 -67.5 113.05   1.79 18.6   1.31 11.8 240
  1  30 -62.5 113.71    .95 18.1   1.82 11.8 240
  1  30 -57.5 114.35    .62 15.5   1.83 12.0 240
  1  30 -52.5 114.95    .93 13.1   1.75 12.1 240
  1  30 -47.5 115.36   1.43 12.5   1.70 11.9 240
  1  30 -42.5 115.76   1.74 12.2   1.75 11.5 240
  1  30 -37.5 116.00   1.74 12.0   1.93 23.0 240
  1  30 -32.5 115.91   1.48 12.0   2.18 22.7 240
  1  30 -27.5 115.73   1.10 12.1   2.31 22.7 240
  1  30 -22.5 115.58    .77 12.6   2.29 22.8 240
  1  30 -17.5 115.46    .58 13.2   2.27 11.1 240
  1  30 -12.5 115.59    .53 13.7   2.36 11.4 240
  1  30  -7.5 115.87    .59 14.7   2.61 11.7 240
  1  30  -2.5 116.19    .78 15.8   2.95 11.8 240
  1  30   2.5 116.46   1.22 16.6   3.24 11.8 240
  1  30   7.5 116.60   1.93 16.7   3.40 11.5 240
  1  30  12.5 116.66   2.75 16.5   3.48 11.0 240
  1  30  17.5 116.77   3.38 16.1   3.48 22.6 240
  1  30  22.5 117.02   3.54 15.7   3.20 22.3 240
  1  30  27.5 117.34   3.35 15.4   2.62 22.2 240
  1  30  32.5 117.73   2.96 15.0   1.92 22.1 240
  1  30  37.5 118.19   2.46 14.9   1.25 22.2 240
  1  30  42.5 118.67   1.96 14.9    .74 22.9 240
  1  30  47.5 119.22   1.57 15.1    .55 12.2 240
  1  30  52.5 119.81   1.33 15.8    .71 13.5 240
  1  30  57.5 120.42   1.25 16.6   1.00 14.0 240
  1  30  62.5 121.01   1.22 17.2   1.24 14.1 240
  1  30  67.5 121.61   1.11 17.6   1.35 14.1 240
  1  30  72.5 122.21    .95 17.7   1.29 14.1 240
  1  30  77.5 122.94    .79 17.7   1.05 14.1 240
  1  30  82.5 123.71    .63 17.6    .45 16.9 240
  1  30  87.5 124.29    .36 17.4    .02 19.6 240
  1  60 -87.5 103.90   1.46 14.9    .06 16.6 240
  1  60 -82.5 105.80   2.37 14.9    .07 16.6 240
  1  60 -77.5 108.68   3.44 15.0    .74 15.0 240
  1  60 -72.5 110.78   3.12 14.9   1.32 12.8 240
  1  60 -67.5 112.00   2.18 15.1   1.28 22.8 240
  1  60 -62.5 112.93   1.23 15.4   1.59 20.9 240
  1  60 -57.5 113.59    .45 12.3   1.87 20.1 240
  1  60 -52.5 114.00    .25 31.7   1.79 20.2 240
  1  60 -47.5 114.14    .31 30.4   1.79 20.9 240
  1  60 -42.5 114.27    .19 33.6   2.08 21.5 240
  1  60 -37.5 114.40    .20 13.9   2.41 21.9 240
  1  60 -32.5 114.51    .34 14.8   2.52 22.0 240
  1  60 -27.5 114.56    .46 13.8   2.41 22.0 240
  1  60 -22.5 114.54    .62 12.5   2.12 22.0 240
  1  60 -17.5 114.51    .81 11.7   1.74 21.8 240
  1  60 -12.5 114.55    .97 11.4   1.35 21.7 240
  1  60  -7.5 114.68   1.07 11.4    .99 21.8 240
  1  60  -2.5 114.85   1.10 11.5    .64 22.1 240
  1  60   2.5 115.02   1.07 11.6    .44 11.4 240
  1  60   7.5 115.13    .97 11.7    .55 12.8 240
  1  60  12.5 115.19    .82 12.1    .81 13.3 240
  1  60  17.5 115.22    .74 13.2    .95 13.4 240
  1  60  22.5 115.26    .86 14.4    .92 13.3 240
  1  60  27.5 115.54   1.05 15.3    .84 13.2 240
  1  60  32.5 116.02   1.09 15.9    .88 13.1 240
  1  60  37.5 116.63    .97 16.4   1.14 13.2 240
  1  60  42.5 117.18    .85 16.9   1.53 13.2 240
  1  60  47.5 117.60    .92 16.6   1.82 13.0 240
  1  60  52.5 117.96   1.23 15.8   1.85 12.6 240
  1  60  57.5 118.42   1.59 15.0   1.68 12.3 240
  1  60  62.5 118.99   1.84 14.5   1.44 12.1 240
  1  60  67.5 119.67   1.97 14.4   1.22 12.0 240
  1  60  72.5 120.26   1.99 14.6   1.00 11.9 240
  1  60  77.5 120.67   1.82 14.8    .71 11.6 240
  1  60  82.5 120.86   1.42 14.8    .32 11.8 240
  1  60  87.5 120.88    .83 14.9    .09 12.3 240
  1  90 -87.5 103.86   1.39 14.6    .15 11.7 240
  1  90 -82.5 105.99   2.20 14.8    .12 11.7 240
  1  90 -77.5 109.17   3.33 15.1    .83 11.8 240
  1  90 -72.5 111.60   3.64 15.1   1.66 11.4 240
  1  90 -67.5 113.21   3.20 14.6   1.71 22.2 240
  1  90 -62.5 114.43   2.03 12.9   1.66 20.8 240
  1  90 -57.5 115.07   1.35 32.7   1.58 19.9 240
  1  90 -52.5 115.11   1.87 29.0   1.45 19.7 240
  1  90 -47.5 114.84   2.50 28.2   1.37 19.9 240
  1  90 -42.5 114.48   2.73 28.0   1.33 20.1 240
  1  90 -37.5 114.05   2.70 28.1   1.35 20.2 240
  1  90 -32.5 113.60   2.51 28.2   1.42 20.1 240
  1  90 -27.5 113.26   2.26 28.4   1.41 19.9 240
  1  90 -22.5 113.08   1.98 28.3   1.26 19.8 240
  1  90 -17.5 112.99   1.65 27.9    .93 19.9 240
  1  90 -12.5 113.01   1.27 27.4    .60 20.6 240
  1  90  -7.5 113.08    .85 27.1    .52 21.8 240
  1  90  -2.5 113.25    .47 28.8    .62 22.6 240
  1  90   2.5 113.42    .50 32.6    .65 22.7 240
  1  90   7.5 113.61   1.01 11.2    .60 22.5 240
  1  90  12.5 113.89   1.58 11.7    .57 22.1 240
  1  90  17.5 114.26   2.03 11.9    .60 22.0 240
  1  90  22.5 114.63   2.37 11.9    .69 22.2 240
  1  90  27.5 115.03   2.65 12.0    .89 22.5 240
  1  90  32.5 115.47   2.89 12.3   1.12 22.8 240
  1  90  37.5 116.08   3.11 12.4   1.25 11.0 240
  1  90  42.5 116.92   3.28 12.4   1.24 11.1 240
  1  90  47.5 117.84   3.41 12.4   1.11 11.0 240
  1  90  52.5 118.63   3.43 12.4    .92 22.9 240
  1  90  57.5 119.32   3.27 12.7    .70 22.5 240
  1  90  62.5 119.86   2.94 13.1    .46 21.8 240
  1  90  67.5 120.39   2.49 13.5    .31 20.3 240
  1  90  72.5 120.84   1.97 13.7    .32 18.8 240
  1  90  77.5 121.36   1.45 13.6    .28 18.2 240
  1  90  82.5 121.85   1.04 13.5    .13 20.8 240
  1  90  87.5 122.14    .61 13.6    .08 11.7 240
  1 120 -87.5 108.75   2.17 22.4    .08 12.3 240
  1 120 -82.5 110.25   3.02 22.3    .10 12.3 240
  1 120 -77.5 111.27   3.85 22.3    .55 15.2 240
  1 120 -72.5 111.62   3.73 22.4    .93 18.8 240
  1 120 -67.5 112.12   3.45 22.8    .81 20.1 240
  1 120 -62.5 112.44   2.89 23.3    .64 20.8 240
  1 120 -57.5 112.65   2.17 24.2    .43 21.5 240
  1 120 -52.5 112.95   1.63 24.8    .48 22.7 240
  1 120 -47.5 113.32   1.28 24.9    .89 11.4 240
  1 120 -42.5 113.71   1.00 24.5   1.43 11.4 240
  1 120 -37.5 114.00    .66 24.3   1.90 11.4 240
  1 120 -32.5 114.08    .29 26.5   2.21 11.4 240
  1 120 -27.5 114.04    .26 31.4   2.36 11.4 240
  1 120 -22.5 113.90    .52 10.9   2.45 11.6 240
  1 120 -17.5 113.80    .75 11.9   2.61 11.7 240
  1 120 -12.5 113.78    .89 12.6   2.83 11.8 240
  1 120  -7.5 113.87    .96 13.1   3.04 11.9 240
  1 120  -2.5 114.06    .97 13.2   3.13 11.9 240
  1 120   2.5 114.32    .99 12.9   3.08 11.9 240
  1 120   7.5 114.57   1.07 12.2   2.93 11.9 240
  1 120  12.5 114.85   1.27 11.5   2.73 12.0 240
  1 120  17.5 115.14   1.53 11.1   2.50 12.0 240
  1 120  22.5 115.55   1.72 10.8   2.28 12.1 240
  1 120  27.5 116.07   1.75 10.8   2.14 12.3 240
  1 120  32.5 116.69   1.59 10.8   2.13 12.7 240
  1 120  37.5 117.39   1.31 10.7   2.21 13.1 240
  1 120  42.5 118.08   1.00 10.4   2.31 13.4 240
  1 120  47.5 118.68    .74 10.5   2.30 13.7 240
  1 120  52.5 119.12    .68 11.1   2.05 14.0 240
  1 120  57.5 119.55    .81 11.6   1.57 14.4 240
  1 120  62.5 120.03    .98 11.1   1.15 15.3 240
  1 120  67.5 120.60   1.03 10.0   1.01 16.2 240
  1 120  72.5 121.03    .97 33.1    .97 16.7 240
  1 120  77.5 121.34    .78 32.8    .74 16.6 240
  1 120  82.5 121.57    .52 34.0    .30 17.3 240
  1 120  87.5 121.70    .33 12.0    .05 18.2 240
  1 150 -87.5 115.25    .92 19.9    .13 13.7 240
  1 150 -82.5 113.13   1.90 20.8    .14 13.7 240
  1 150 -77.5 112.07   2.85 22.0    .66 11.4 240
  1 150 -72.5 112.03   2.38 23.0   1.17 21.4 240
  1 150 -67.5 112.59   1.60 24.9   1.14 22.0 240
  1 150 -62.5 113.07   1.20 27.6   1.16 22.6 240
  1 150 -57.5 113.45   1.17 30.6   1.37 22.9 240
  1 150 -52.5 113.86   1.31 32.9   1.63 22.7 240
  1 150 -47.5 114.18   1.49 10.2   1.93 22.6 240
  1 150 -42.5 114.45   1.53 10.8   2.31 22.5 240
  1 150 -37.5 114.62   1.48 11.1   2.68 22.5 240
  1 150 -32.5 114.66   1.46 11.1   2.82 22.6 240
  1 150 -27.5 114.67   1.52 11.0   2.66 22.7 240
  1 150 -22.5 114.61   1.58 10.9   2.33 22.8 240
  1 150 -17.5 114.66   1.55 11.0   2.00 11.1 240
  1 150 -12.5 114.73   1.39 11.3   1.82 11.5 240
  1 150  -7.5 114.95   1.15 12.1   1.98 11.9 240
  1 150  -2.5 115.21    .93 13.9   2.52 12.1 240
  1 150   2.5 115.52   1.02 16.1   3.33 12.2 240
  1 150   7.5 115.70   1.52 17.2   4.16 12.0 240
  1 150  12.5 115.68   2.21 16.9   4.68 11.7 240
  1 150  17.5 115.53   2.94 16.1   4.67 11.3 240
  1 150  22.5 115.50   3.52 15.2   4.14 23.0 240
  1 150  27.5 115.75   3.81 14.5   3.36 22.9 240
  1 150  32.5 116.27   3.75 14.0   2.64 22.9 240
  1 150  37.5 117.00   3.42 13.7   2.15 22.9 240
  1 150  42.5 117.82   2.97 13.7   1.78 22.8 240
  1 150  47.5 118.73   2.49 13.9   1.40 22.6 240
  1 150  52.5 119.62   2.06 14.3    .94 22.7 240
  1 150  57.5 120.44   1.69 15.0    .54 11.6 240
  1 150  62.5 121.09   1.43 16.0    .50 13.3 240
  1 150  67.5 121.52   1.33 17.2    .72 14.1 240
  1 150  72.5 121.72   1.38 18.1    .76 14.3 240
  1 150  77.5 121.77   1.45 18.6    .55 14.4 240
  1 150  82.5 121.70   1.36 18.9    .22 12.4 240
  1 150  87.5 121.55    .92 19.1    .05 22.3 240
  1 180 -87.5 118.51   2.16 25.0    .09 21.5 240
  1 180 -82.5 119.43   3.25 25.5    .08 21.5 240
  1 180 -77.5 120.02   4.76 26.1    .91 11.8 240
  1 180 -72.5 119.98   4.99 26.2   1.96 13.7 240
  1 180 -67.5 119.93   4.36 25.9   2.33 13.0 240
  1 180 -62.5 119.99   3.47 25.5   2.58 12.4 240
  1 180 -57.5 119.97   2.57 25.4   2.76 11.8 240
  1 180 -52.5 119.84   1.70 25.5   2.86 11.4 240
  1 180 -47.5 119.54    .88 25.5   2.98 11.1 240
  1 180 -42.5 119.12    .37 20.2   3.16 22.9 240
  1 180 -37.5 118.68    .56 14.8   3.39 22.7 240
  1 180 -32.5 118.17   1.11 14.5   3.65 22.6 240
  1 180 -27.5 117.76   1.58 14.5   3.92 22.5 240
  1 180 -22.5 117.41   2.04 14.5   4.20 22.5 240
  1 180 -17.5 117.18   2.55 14.4   4.46 22.5 240
  1 180 -12.5 117.13   3.07 14.3   4.69 22.6 240
  1 180  -7.5 117.25   3.49 14.2   4.86 22.6 240
  1 180  -2.5 117.46   3.69 14.2   5.00 22.8 240
  1 180   2.5 117.68   3.64 14.3   5.12 11.0 240
  1 180   7.5 117.89   3.44 14.4   5.32 11.2 240
  1 180  12.5 118.10   3.18 14.7   5.64 11.4 240
  1 180  17.5 118.36   2.92 15.2   6.00 11.4 240
  1 180  22.5 118.60   2.67 15.7   6.23 11.5 240
  1 180  27.5 118.79   2.40 15.9   6.16 11.5 240
  1 180  32.5 118.87   2.08 15.9   5.80 11.5 240
  1 180  37.5 118.93   1.66 15.5   5.24 11.5 240
  1 180  42.5 119.05   1.10 15.1   4.60 11.5 240
  1 180  47.5 119.22    .49 19.3   3.95 11.5 240
  1 180  52.5 119.51    .77 24.3   3.29 11.7 240
  1 180  57.5 119.77   1.98 24.9   2.71 12.0 240
  1 180  62.5 119.90   3.16 24.6   2.36 12.5 240
  1 180  67.5 119.61   3.98 24.5   2.45 13.2 240
  1 180  72.5 119.28   4.27 24.5   2.81 13.9 240
  1 180  77.5 119.43   4.22 24.3   2.69 14.3 240
  1 180  82.5 119.44   3.92 24.3   1.21 16.9 240
  1 180  87.5 119.18   2.90 24.8    .04 19.3 240
  1 210 -87.5 124.61    .66 28.3    .15 14.5 240
  1 210 -82.5 124.79   1.04 28.5    .13 14.5 240
  1 210 -77.5 124.97   1.60 28.9    .28 14.6 240
  1 210 -72.5 125.17   1.74 29.1    .54 13.5 240
  1 210 -67.5 125.45   1.54 28.5   1.01 11.8 240
  1 210 -62.5 125.50   1.35 27.0   1.74 11.2 240
  1 210 -57.5 125.28   1.34 25.5   2.32 11.1 240
  1 210 -52.5 124.88   1.27 24.7   2.68 11.1 240
  1 210 -47.5 124.36    .98 24.7   2.95 11.2 240
  1 210 -42.5 123.82    .55 25.4   3.23 11.2 240
  1 210 -37.5 123.24    .34 30.0   3.53 11.3 240
  1 210 -32.5 122.68    .60 10.6   3.86 11.3 240
  1 210 -27.5 122.18   1.11 11.6   4.16 11.3 240
  1 210 -22.5 121.75   1.63 11.9   4.40 11.2 240
  1 210 -17.5 121.38   2.18 12.1   4.56 11.2 240
  1 210 -12.5 121.05   2.71 12.2   4.68 11.3 240
  1 210  -7.5 120.80   3.02 12.2   4.82 11.3 240
  1 210  -2.5 120.77   3.07 12.3   5.18 11.5 240
  1 210   2.5 120.88   2.87 12.6   5.79 11.6 240
  1 210   7.5 121.05   2.55 12.8   6.42 11.7 240
  1 210  12.5 121.01   2.32 12.9   6.78 11.8 240
  1 210  17.5 120.87   2.25 12.7   6.75 11.9 240
  1 210  22.5 120.68   2.21 12.2   6.37 11.9 240
  1 210  27.5 120.58   1.97 11.6   5.80 11.9 240
  1 210  32.5 120.54   1.51 10.6   5.15 11.8 240
  1 210  37.5 120.57   1.02 32.8   4.51 11.7 240
  1 210  42.5 120.52    .87 29.9   4.01 11.6 240
  1 210  47.5 120.28   1.15 27.9   3.64 11.4 240
  1 210  52.5 119.77   1.52 27.9   3.20 11.2 240
  1 210  57.5 119.02   1.85 28.5   2.56 22.9 240
  1 210  62.5 118.24   2.12 28.3   2.13 22.6 240
  1 210  67.5 117.20   2.44 26.8   2.24 22.7 240
  1 210  72.5 116.10   3.26 24.8   2.57 22.9 240
  1 210  77.5 115.74   4.36 23.3   2.51 11.2 240
  1 210  82.5 114.56   4.99 22.2   1.26 13.9 240
  1 210  87.5 111.85   4.29 21.8    .21 16.4 240
  1 240 -87.5 136.10    .81 17.3    .12 12.1 240
  1 240 -82.5 135.89   1.26 17.0    .09 12.1 240
  1 240 -77.5 135.50   1.92 16.6    .22 22.9 240
  1 240 -72.5 135.00   2.21 16.0    .37 22.5 240
  1 240 -67.5 134.52   2.37 15.1    .45 12.2 240
  1 240 -62.5 134.02   2.47 14.0    .77 13.7 240
  1 240 -57.5 133.56   2.56 12.8   1.17 14.3 240
  1 240 -52.5 133.07   2.75 11.7   1.51 14.6 240
  1 240 -47.5 132.55   3.12 10.8   1.69 15.0 240
  1 240 -42.5 132.12   3.43 10.4   1.61 15.4 240
  1 240 -37.5 131.64   3.42 10.2   1.27 15.8 240
  1 240 -32.5 131.16   3.18 10.2    .79 15.9 240
  1 240 -27.5 130.45   2.88 10.3    .52 14.6 240
  1 240 -22.5 129.61   2.64 10.3    .79 13.3 240
  1 240 -17.5 128.73   2.44 10.3   1.29 13.1 240
  1 240 -12.5 127.87   2.29 10.4   1.68 13.2 240
  1 240  -7.5 127.12   2.19 10.5   1.88 13.4 240
  1 240  -2.5 126.53   2.02 10.7   1.91 13.5 240
  1 240   2.5 126.15   1.77 11.2   1.77 13.5 240
  1 240   7.5 125.95   1.48 12.0   1.50 13.3 240
  1 240  12.5 125.92   1.28 13.2   1.28 12.8 240
  1 240  17.5 126.09   1.16 14.5   1.26 12.3 240
  1 240  22.5 126.47    .97 16.2   1.43 12.1 240
  1 240  27.5 127.05    .84 18.9   1.62 12.3 240
  1 240  32.5 127.65   1.19 22.2   1.73 12.7 240
  1 240  37.5 128.22   2.06 24.0   1.68 13.1 240
  1 240  42.5 128.48   3.09 24.6   1.52 13.7 240
  1 240  47.5 128.48   3.98 24.7   1.33 14.3 240
  1 240  52.5 128.30   4.67 24.7   1.19 14.9 240
  1 240  57.5 127.90   5.22 24.7   1.11 15.8 240
  1 240  62.5 127.41   5.37 24.7   1.57 17.2 240
  1 240  67.5 127.43   4.49 24.5   2.81 18.4 240
  1 240  72.5 128.73   2.71 22.4   3.51 18.8 240
  1 240  77.5 130.21   2.11 17.9   2.42 19.0 240
  1 240  82.5 129.52   2.61 14.8   1.05 18.4 240
  1 240  87.5 127.74   2.01 14.3    .76 17.7 240
  1 270 -87.5 128.83    .56 11.6    .24 18.5 240
  1 270 -82.5 129.20    .94 11.4    .23 18.5 240
  1 270 -77.5 129.61   1.65 11.2    .33 19.0 240
  1 270 -72.5 129.93   2.25 11.2    .47 19.9 240
  1 270 -67.5 130.03   2.73 11.4    .44 21.0 240
  1 270 -62.5 129.84   3.09 11.4    .45 22.8 240
  1 270 -57.5 129.72   3.28 11.1    .72 12.7 240
  1 270 -52.5 129.59   3.33 10.7   1.31 14.1 240
  1 270 -47.5 129.14   3.47 34.0   2.13 14.8 240
  1 270 -42.5 128.34   3.79 33.4   2.85 15.0 240
  1 270 -37.5 127.41   3.98 33.1   3.17 15.0 240
  1 270 -32.5 126.64   3.76 33.3   3.06 15.0 240
  1 270 -27.5 125.88   3.25 33.8   2.71 14.9 240
  1 270 -22.5 125.08   2.81 10.5   2.43 14.6 240
  1 270 -17.5 124.35   2.57 11.2   2.32 14.4 240
  1 270 -12.5 123.67   2.49 11.7   2.24 14.2 240
  1 270  -7.5 123.09   2.46 12.0   2.06 14.0 240
  1 270  -2.5 122.65   2.41 12.3   1.79 14.0 240
  1 270   2.5 122.29   2.31 12.4   1.50 13.8 240
  1 270   7.5 122.11   2.15 12.4   1.20 13.6 240
  1 270  12.5 122.17   1.86 12.2   1.05 13.1 240
  1 270  17.5 122.52   1.43 12.0   1.15 12.5 240
  1 270  22.5 123.09    .96 11.5   1.46 12.0 240
  1 270  27.5 123.74    .59 33.5   1.72 11.7 240
  1 270  32.5 124.29    .56 30.7   1.73 11.7 240
  1 270  37.5 124.73    .80 29.3   1.60 11.7 240
  1 270  42.5 125.18   1.16 28.9   1.48 11.8 240
  1 270  47.5 125.55   1.54 28.3   1.51 11.8 240
  1 270  52.5 126.00   1.79 27.6   1.73 11.7 240
  1 270  57.5 126.13   1.78 26.7   2.08 11.6 240
  1 270  62.5 125.97   1.19 25.7   2.22 11.5 240
  1 270  67.5 125.36    .79 20.3   1.80 11.5 240
  1 270  72.5 124.70   1.41 15.8    .98 11.0 240
  1 270  77.5 124.34   1.92 17.1    .46 20.3 240
  1 270  82.5 122.91   1.77 19.5    .47 16.9 240
  1 270  87.5 120.98   1.37 22.5    .60 15.9 240
  1 300 -87.5 127.59    .08 29.5    .11 12.7 240
  1 300 -82.5 128.09    .31 32.5    .11 12.7 240
  1 300 -77.5 128.48    .91 11.8    .15 15.0 240
  1 300 -72.5 128.62   1.72 12.1    .27 18.4 240
  1 300 -67.5 128.46   2.44 12.3    .54 19.9 240
  1 300 -62.5 128.09   2.92 12.3    .84 20.1 240
  1 300 -57.5 127.57   3.13 12.4   1.01 19.9 240
  1 300 -52.5 126.94   3.08 12.5   1.10 19.6 240
  1 300 -47.5 126.25   2.85 12.6   1.16 19.4 240
  1 300 -42.5 125.55   2.47 12.9   1.17 19.6 240
  1 300 -37.5 124.88   2.07 13.2   1.17 20.3 240
  1 300 -32.5 124.14   1.72 13.3   1.24 21.2 240
  1 300 -27.5 123.44   1.48 13.3   1.37 21.9 240
  1 300 -22.5 122.70   1.36 13.3   1.48 22.3 240
  1 300 -17.5 122.01   1.31 13.5   1.50 22.6 240
  1 300 -12.5 121.37   1.22 13.9   1.50 22.8 240
  1 300  -7.5 120.80   1.04 14.5   1.52 11.1 240
  1 300  -2.5 120.30    .75 15.7   1.64 11.4 240
  1 300   2.5 119.90    .55 18.4   1.83 11.6 240
  1 300   7.5 119.67    .66 21.3   2.02 11.7 240
  1 300  12.5 119.56    .94 23.0   2.17 11.7 240
  1 300  17.5 119.60   1.17 24.0   2.25 11.7 240
  1 300  22.5 119.69   1.40 25.0   2.18 11.6 240
  1 300  27.5 119.80   1.76 26.0   1.90 11.6 240
  1 300  32.5 119.85   2.26 26.5   1.47 11.7 240
  1 300  37.5 119.82   2.77 26.4   1.03 11.6 240
  1 300  42.5 119.67   3.18 26.0    .74 22.9 240
  1 300  47.5 119.32   3.55 25.4    .67 21.7 240
  1 300  52.5 118.85   3.90 24.9    .66 20.5 240
  1 300  57.5 118.44   4.38 24.5    .78 19.2 240
  1 300  62.5 118.35   4.89 23.9   1.23 18.1 240
  1 300  67.5 118.71   5.17 23.2   1.85 17.4 240
  1 300  72.5 119.76   4.86 22.7   2.09 16.7 240
  1 300  77.5 121.25   3.83 22.6   1.79 15.6 240
  1 300  82.5 122.01   2.55 23.7    .81 17.1 240
  1 300  87.5 122.38   1.56 26.0    .13 19.1 240
  1 330 -87.5 123.53    .17 22.9    .43 12.4 240
  1 330 -82.5 123.76    .38 24.3    .39 12.4 240
  1 330 -77.5 123.99    .81 25.8    .42 12.3 240
  1 330 -72.5 124.13   1.22 25.2    .74 11.7 240
  1 330 -67.5 124.17   1.61 23.7   1.24 11.1 240
  1 330 -62.5 123.91   1.92 22.5   1.67 22.8 240
  1 330 -57.5 123.52   1.95 21.8   2.05 22.6 240
  1 330 -52.5 123.06   1.64 21.4   2.40 22.5 240
  1 330 -47.5 122.58   1.10 20.9   2.66 22.5 240
  1 330 -42.5 122.19    .60 19.5   2.79 22.5 240
  1 330 -37.5 121.91    .38 16.4   2.88 22.6 240
  1 330 -32.5 121.67    .58 13.5   2.98 22.8 240
  1 330 -27.5 121.45   1.02 12.4   3.14 23.0 240
  1 330 -22.5 121.20   1.57 12.1   3.36 11.1 240
  1 330 -17.5 120.90   2.19 11.9   3.52 11.3 240
  1 330 -12.5 120.60   2.79 11.7   3.63 11.4 240
  1 330  -7.5 120.37   3.26 11.7   3.73 11.5 240
  1 330  -2.5 120.32   3.45 11.7   4.02 11.6 240
  1 330   2.5 120.46   3.23 11.7   4.56 11.6 240
  1 330   7.5 120.71   2.67 11.7   5.22 11.6 240
  1 330  12.5 120.77   2.16 11.8   5.72 11.5 240
  1 330  17.5 120.66   1.94 11.8   5.81 11.4 240
  1 330  22.5 120.39   1.93 11.9   5.50 11.3 240
  1 330  27.5 120.28   1.79 12.1   4.99 11.3 240
  1 330  32.5 120.16   1.39 12.5   4.54 11.2 240
  1 330  37.5 120.05    .87 13.7   4.19 11.0 240
  1 330  42.5 119.88    .49 16.8   3.91 22.9 240
  1 330  47.5 119.60    .48 21.5   3.61 22.8 240
  1 330  52.5 119.26    .85 25.2   3.16 22.7 240
  1 330  57.5 118.76   1.45 27.0   2.67 22.5 240
  1 330  62.5 118.11   2.02 27.2   2.34 22.3 240
  1 330  67.5 117.08   2.51 26.1   2.23 22.3 240
  1 330  72.5 115.37   2.91 24.5   2.15 22.6 240
  1 330  77.5 113.81   3.20 22.0   1.68 22.9 240
  1 330  82.5 112.50   3.95 19.5    .73 12.1 240
  1 330  87.5 111.70   3.91 18.1    .17 13.3 240
  1 360 -87.5 122.21   1.51 24.5    .08 13.4 240
  1 360 -82.5 122.01   2.45 24.6    .10 13.4 240
  1 360 -77.5 121.82   4.05 24.8    .75 13.1 240
  1 360 -72.5 121.75   4.85 24.7   1.41 12.9 240
  1 360 -67.5 121.95   4.66 24.7   1.39 13.0 240
  1 360 -62.5 121.94   3.93 24.7   1.44 12.9 240
  1 360 -57.5 121.74   3.10 24.8   1.70 12.3 240
  1 360 -52.5 121.35   2.28 24.8   2.07 11.8 240
  1 360 -47.5 120.73   1.45 24.7   2.40 11.4 240
  1 360 -42.5 120.12    .71 23.3   2.60 11.2 240
  1 360 -37.5 119.53    .47 19.2   2.72 11.0 240
  1 360 -32.5 118.97    .79 15.8   2.75 22.9 240
  1 360 -27.5 118.45   1.29 15.0   2.69 22.8 240
  1 360 -22.5 117.97   1.81 14.7   2.57 22.7 240
  1 360 -17.5 117.68   2.30 14.7   2.49 22.6 240
  1 360 -12.5 117.53   2.66 14.7   2.51 22.5 240
  1 360  -7.5 117.54   2.82 14.8   2.65 22.6 240
  1 360  -2.5 117.68   2.76 14.8   2.88 22.7 240
  1 360   2.5 117.92   2.54 14.8   3.13 22.9 240
  1 360   7.5 118.20   2.32 14.8   3.36 11.1 240
  1 360  12.5 118.43   2.14 14.8   3.61 11.3 240
  1 360  17.5 118.59   2.08 14.8   3.88 11.4 240
  1 360  22.5 118.73   2.16 15.0   4.21 11.5 240
  1 360  27.5 118.86   2.21 15.1   4.54 11.5 240
  1 360  32.5 119.00   2.12 15.2   4.76 11.4 240
  1 360  37.5 119.25   1.81 15.5   4.75 11.4 240
  1 360  42.5 119.59   1.42 16.3   4.52 11.3 240
  1 360  47.5 120.03   1.20 17.8   4.07 11.3 240
  1 360  52.5 120.56   1.38 19.9   3.42 11.3 240
  1 360  57.5 121.07   1.98 21.4   2.79 11.4 240
  1 360  62.5 121.57   2.78 22.2   2.32 11.6 240
  1 360  67.5 121.98   3.62 22.7   2.08 11.8 240
  1 360  72.5 122.32   4.16 23.1   1.89 12.3 240
  1 360  77.5 123.07   4.07 23.4   1.61 13.2 240
  1 360  82.5 124.02   3.23 23.6    .83 14.1 240
  1 360  87.5 124.75   1.84 23.6    .21 14.6 240
  2  30 -87.5 104.93   2.41 17.1    .14 13.8 240
  2  30 -82.5 106.22   3.48 17.0    .15 13.8 240
  2  30 -77.5 107.86   4.48 16.8    .56 14.1 240
  2  30 -72.5 109.25   3.73 16.8   1.24 13.7 240
  2  30 -67.5 110.81   2.79 17.6   1.89 12.3 240
  2  30 -62.5 112.23   2.50 18.6   2.60 11.4 240
  2  30 -57.5 113.10   2.13 18.8   2.93 11.0 240
  2  30 -52.5 113.62   1.37 17.3   2.80 22.9 240
  2  30 -47.5 114.12    .99 14.5   2.71 22.8 240
  2  30 -42.5 114.72   1.08 12.6   2.89 22.8 240
  2  30 -37.5 115.26   1.11 12.3   3.20 22.9 240
  2  30 -32.5 115.62   1.13 12.4   3.44 11.0 240
  2  30 -27.5 115.78   1.25 12.5   3.57 11.1 240
  2  30 -22.5 115.81   1.45 12.5   3.57 11.2 240
  2  30 -17.5 115.77   1.67 12.6   3.50 11.3 240
  2  30 -12.5 115.80   1.84 12.8   3.39 11.3 240
  2  30  -7.5 115.92   1.90 13.0   3.25 11.3 240
  2  30  -2.5 116.04   1.84 13.2   3.08 11.4 240
  2  30   2.5 116.21   1.73 13.4   2.89 11.6 240
  2  30   7.5 116.35   1.67 13.8   2.71 11.9 240
  2  30  12.5 116.43   1.70 14.1   2.53 12.2 240
  2  30  17.5 116.47   1.86 14.4   2.35 12.3 240
  2  30  22.5 116.51   2.07 14.6   2.18 12.4 240
  2  30  27.5 116.62   2.21 14.5   2.06 12.4 240
  2  30  32.5 116.89   2.20 14.4   2.03 12.4 240
  2  30  37.5 117.36   2.02 14.2   2.05 12.6 240
  2  30  42.5 118.06   1.70 14.2   2.05 12.9 240
  2  30  47.5 118.92   1.24 14.4   2.05 13.2 240
  2  30  52.5 119.78    .71 15.2   2.11 13.7 240
  2  30  57.5 120.48    .41 17.7   2.20 14.0 240
  2  30  62.5 120.79    .50 19.2   2.07 14.2 240
  2  30  67.5 120.77    .76 18.2   1.57 14.2 240
  2  30  72.5 120.56    .98 16.7    .91 14.2 240
  2  30  77.5 120.38   1.04 15.7    .42 14.3 240
  2  30  82.5 120.36    .94 15.2    .14 11.5 240
  2  30  87.5 120.38    .64 15.1    .04 20.7 240
  2  60 -87.5 105.21   1.60 14.8    .14 13.8 240
  2  60 -82.5 106.86   2.29 14.9    .15 13.8 240
  2  60 -77.5 109.10   2.79 15.4    .75 13.8 240
  2  60 -72.5 110.31   2.16 16.6   1.35 13.1 240
  2  60 -67.5 110.93   1.64 18.1   1.41 11.4 240
  2  60 -62.5 111.59   1.29 18.6   1.62 21.8 240
  2  60 -57.5 112.27    .64 15.8   1.80 21.0 240
  2  60 -52.5 112.89    .56 10.6   1.85 21.0 240
  2  60 -47.5 113.40    .92 31.8   2.04 21.5 240
  2  60 -42.5 113.77    .85 31.6   2.52 22.1 240
  2  60 -37.5 114.00    .61 32.1   3.08 22.5 240
  2  60 -32.5 114.12    .53 33.6   3.44 22.8 240
  2  60 -27.5 114.18    .65 11.0   3.56 22.9 240
  2  60 -22.5 114.21    .80 11.5   3.48 23.0 240
  2  60 -17.5 114.25    .93 11.8   3.31 11.0 240
  2  60 -12.5 114.33   1.01 12.0   3.08 11.0 240
  2  60  -7.5 114.48   1.04 12.1   2.82 11.1 240
  2  60  -2.5 114.59   1.04 12.3   2.52 11.2 240
  2  60   2.5 114.75   1.04 12.4   2.20 11.5 240
  2  60   7.5 114.89   1.10 12.8   1.92 11.9 240
  2  60  12.5 115.01   1.23 13.2   1.70 12.3 240
  2  60  17.5 115.12   1.43 13.4   1.54 12.5 240
  2  60  22.5 115.31   1.59 13.5   1.47 12.7 240
  2  60  27.5 115.62   1.61 13.4   1.54 12.8 240
  2  60  32.5 116.08   1.47 13.1   1.67 12.9 240
  2  60  37.5 116.74   1.21 12.7   1.81 13.1 240
  2  60  42.5 117.53    .87 11.9   1.93 13.3 240
  2  60  47.5 118.33    .52 11.1   2.03 13.6 240
  2  60  52.5 118.97    .28 12.0   2.04 13.6 240
  2  60  57.5 119.51    .30 14.5   1.88 13.5 240
  2  60  62.5 119.94    .52 15.6   1.57 13.4 240
  2  60  67.5 120.35    .66 15.4   1.19 13.4 240
  2  60  72.5 120.65    .68 14.8    .83 13.5 240
  2  60  77.5 120.88    .65 14.1    .51 13.6 240
  2  60  82.5 121.10    .58 13.6    .19 11.2 240
  2  60  87.5 121.24    .40 13.9    .04 20.7 240
  2  90 -87.5 104.81   1.70 14.7    .02 18.3 240
  2  90 -82.5 107.04   2.61 14.7    .01 18.3 240
  2  90 -77.5 110.13   3.43 14.6    .58 16.0 240
  2  90 -72.5 112.46   2.62 14.4   1.03 13.0 240
  2  90 -67.5 114.02   1.30 13.9   1.18 11.0 240
  2  90 -62.5 114.87    .62 10.2   1.78 21.7 240
  2  90 -57.5 115.14    .96 30.4   2.13 21.4 240
  2  90 -52.5 115.23   1.69 29.8   1.97 21.3 240
  2  90 -47.5 115.18   2.12 29.6   1.55 21.3 240
  2  90 -42.5 115.05   2.24 29.5   1.09 20.9 240
  2  90 -37.5 114.75   2.16 29.3    .73 20.1 240
  2  90 -32.5 114.43   1.92 29.3    .54 18.8 240
  2  90 -27.5 114.12   1.60 29.2    .43 17.3 240
  2  90 -22.5 113.82   1.26 29.0    .40 15.5 240
  2  90 -17.5 113.60    .95 28.9    .53 14.0 240
  2  90 -12.5 113.46    .70 29.2    .68 13.2 240
  2  90  -7.5 113.41    .53 30.1    .73 12.7 240
  2  90  -2.5 113.45    .45 32.2    .68 12.4 240
  2  90   2.5 113.49    .57 10.6    .53 12.3 240
  2  90   7.5 113.55    .95 11.9    .35 13.3 240
  2  90  12.5 113.75   1.37 12.2    .35 14.9 240
  2  90  17.5 114.14   1.64 12.3    .55 15.8 240
  2  90  22.5 114.69   1.77 12.3    .69 16.0 240
  2  90  27.5 115.34   1.81 12.3    .62 15.8 240
  2  90  32.5 116.01   1.88 12.4    .36 15.1 240
  2  90  37.5 116.67   2.06 12.3    .28 12.6 240
  2  90  42.5 117.44   2.31 12.1    .61 22.5 240
  2  90  47.5 118.17   2.55 11.9   1.00 22.3 240
  2  90  52.5 118.89   2.71 11.6   1.17 22.2 240
  2  90  57.5 119.54   2.72 11.3   1.07 22.0 240
  2  90  62.5 120.09   2.56 10.9    .73 21.6 240
  2  90  67.5 120.50   2.22 10.5    .34 20.7 240
  2  90  72.5 120.69   1.75 10.3    .16 18.7 240
  2  90  77.5 120.76   1.20 10.2    .14 16.7 240
  2  90  82.5 120.72    .67 10.1    .08 14.6 240
  2  90  87.5 120.58    .25 33.9    .02 13.2 240
  2 120 -87.5 109.77   1.65 21.1    .12 22.9 240
  2 120 -82.5 109.99   2.59 21.3    .10 22.9 240
  2 120 -77.5 110.62   3.50 21.7    .56 21.6 240
  2 120 -72.5 111.06   3.26 22.3   1.16 20.6 240
  2 120 -67.5 111.45   2.73 23.1   1.23 21.0 240
  2 120 -62.5 111.84   2.03 24.4   1.04 20.9 240
  2 120 -57.5 112.26   1.53 26.3    .71 20.6 240
  2 120 -52.5 112.69   1.32 27.7    .48 21.2 240
  2 120 -47.5 113.08   1.09 27.9    .68 22.6 240
  2 120 -42.5 113.41    .76 26.9   1.25 11.4 240
  2 120 -37.5 113.65    .51 25.0   1.88 11.5 240
  2 120 -32.5 113.78    .34 22.2   2.47 11.5 240
  2 120 -27.5 113.85    .29 18.2   2.94 11.4 240
  2 120 -22.5 113.83    .40 15.1   3.26 11.4 240
  2 120 -17.5 113.82    .55 14.2   3.46 11.5 240
  2 120 -12.5 113.83    .68 14.4   3.61 11.6 240
  2 120  -7.5 113.94    .81 14.8   3.74 11.8 240
  2 120  -2.5 114.08    .94 14.8   3.74 11.9 240
  2 120   2.5 114.27   1.04 14.3   3.58 12.0 240
  2 120   7.5 114.43   1.12 13.5   3.33 12.1 240
  2 120  12.5 114.62   1.20 12.7   3.03 12.2 240
  2 120  17.5 114.83   1.30 12.0   2.70 12.2 240
  2 120  22.5 115.16   1.40 11.3   2.41 12.2 240
  2 120  27.5 115.62   1.46 10.8   2.17 12.3 240
  2 120  32.5 116.21   1.44 10.3   2.01 12.6 240
  2 120  37.5 116.89   1.36 10.0   1.92 12.9 240
  2 120  42.5 117.61   1.21 33.9   1.88 13.2 240
  2 120  47.5 118.31   1.06 33.8   1.81 13.5 240
  2 120  52.5 118.95    .99 33.9   1.63 13.7 240
  2 120  57.5 119.60   1.06 33.8   1.27 14.1 240
  2 120  62.5 120.19   1.30 33.3    .89 15.3 240
  2 120  67.5 120.77   1.61 32.6    .86 16.9 240
  2 120  72.5 121.22   1.85 31.9   1.08 17.9 240
  2 120  77.5 121.54   1.75 31.6   1.00 18.1 240
  2 120  82.5 121.77   1.24 31.8    .43 19.1 240
  2 120  87.5 121.85    .58 32.9    .07 20.0 240
  2 150 -87.5 108.07   1.73 17.9    .07 15.3 240
  2 150 -82.5 109.68   2.26 17.8    .06 15.3 240
  2 150 -77.5 111.23   2.43 17.5    .59 12.8 240
  2 150 -72.5 112.19   1.69 18.4   1.74 22.5 240
  2 150 -67.5 113.20   1.33 20.5   2.57 22.6 240
  2 150 -62.5 113.68   1.04 21.9   2.65 22.8 240
  2 150 -57.5 113.85    .55 27.0   2.32 11.0 240
  2 150 -52.5 114.07    .70 32.3   2.13 11.1 240
  2 150 -47.5 114.25   1.13 33.3   2.26 11.2 240
  2 150 -42.5 114.44   1.27 34.0   2.49 11.1 240
  2 150 -37.5 114.53   1.34 10.7   2.65 11.0 240
  2 150 -32.5 114.57   1.45 11.2   2.69 23.0 240
  2 150 -27.5 114.60   1.60 11.5   2.64 11.0 240
  2 150 -22.5 114.58   1.75 11.7   2.64 11.1 240
  2 150 -17.5 114.58   1.90 11.8   2.66 11.0 240
  2 150 -12.5 114.64   2.00 11.9   2.71 22.9 240
  2 150  -7.5 114.85   1.99 12.0   2.81 22.7 240
  2 150  -2.5 115.20   1.77 12.2   2.85 22.7 240
  2 150   2.5 115.64   1.33 12.9   2.90 22.9 240
  2 150   7.5 116.13   1.00 15.2   3.21 11.2 240
  2 150  12.5 116.62   1.17 17.8   3.86 11.5 240
  2 150  17.5 116.91   1.72 18.9   4.58 11.7 240
  2 150  22.5 116.86   2.26 18.4   4.89 11.6 240
  2 150  27.5 116.58   2.85 17.1   4.52 11.5 240
  2 150  32.5 116.51   3.62 16.0   3.69 11.2 240
  2 150  37.5 116.98   4.24 15.5   2.87 22.9 240
  2 150  42.5 117.74   4.42 15.5   2.27 22.6 240
  2 150  47.5 118.54   4.33 15.9   1.79 22.5 240
  2 150  52.5 119.18   4.19 16.3   1.34 22.3 240
  2 150  57.5 119.66   4.00 16.6    .92 22.2 240
  2 150  62.5 120.01   3.73 16.7    .56 22.4 240
  2 150  67.5 120.35   3.37 16.8    .32 11.3 240
  2 150  72.5 120.68   2.92 16.9    .25 13.0 240
  2 150  77.5 120.96   2.30 17.1    .30 14.6 240
  2 150  82.5 121.03   1.55 17.7    .21 17.2 240
  2 150  87.5 120.92    .77 18.9    .08 19.2 240
  2 180 -87.5 121.42   1.81 25.2    .22 17.2 240
  2 180 -82.5 120.97   2.84 25.4    .19 17.2 240
  2 180 -77.5 120.40   4.18 25.6    .73 15.5 240
  2 180 -72.5 119.70   4.27 25.5   1.54 13.4 240
  2 180 -67.5 119.41   3.62 25.3   1.99 12.4 240
  2 180 -62.5 119.29   2.71 25.0   2.44 11.6 240
  2 180 -57.5 119.09   1.68 25.4   2.92 11.1 240
  2 180 -52.5 118.88    .81 28.0   3.33 22.9 240
  2 180 -47.5 118.62    .60 32.4   3.65 22.8 240
  2 180 -42.5 118.39    .89 11.6   3.92 22.7 240
  2 180 -37.5 118.17   1.29 13.1   4.17 22.7 240
  2 180 -32.5 117.89   1.72 13.7   4.40 22.7 240
  2 180 -27.5 117.69   2.14 13.8   4.58 22.6 240
  2 180 -22.5 117.50   2.58 13.6   4.74 22.6 240
  2 180 -17.5 117.31   3.00 13.4   4.88 22.6 240
  2 180 -12.5 117.17   3.36 13.3   5.02 22.7 240
  2 180  -7.5 117.16   3.60 13.4   5.19 22.8 240
  2 180  -2.5 117.27   3.64 13.7   5.46 23.0 240
  2 180   2.5 117.56   3.50 14.2   5.89 11.2 240
  2 180   7.5 117.98   3.28 14.9   6.49 11.3 240
  2 180  12.5 118.44   3.10 15.6   7.15 11.3 240
  2 180  17.5 118.75   3.03 16.1   7.61 11.3 240
  2 180  22.5 118.84   3.03 16.2   7.63 11.3 240
  2 180  27.5 118.86   2.99 16.1   7.24 11.3 240
  2 180  32.5 118.95   2.77 16.1   6.65 11.3 240
  2 180  37.5 119.21   2.28 16.7   6.05 11.3 240
  2 180  42.5 119.42   1.69 18.1   5.44 11.4 240
  2 180  47.5 119.55   1.40 20.3   4.71 11.6 240
  2 180  52.5 119.65   1.64 22.4   3.92 11.8 240
  2 180  57.5 119.65   2.27 23.7   3.22 12.1 240
  2 180  62.5 119.52   2.92 24.5   2.73 12.6 240
  2 180  67.5 119.22   3.34 24.9   2.59 13.3 240
  2 180  72.5 118.89   3.38 24.9   2.62 14.0 240
  2 180  77.5 118.32   3.06 24.5   2.29 14.5 240
  2 180  82.5 116.76   2.50 24.2   1.09 16.1 240
  2 180  87.5 114.63   1.75 24.4    .25 17.6 240
  2 210 -87.5 137.89    .22 15.2    .66 11.2 240
  2 210 -82.5 137.80    .54 13.3    .50 11.2 240
  2 210 -77.5 137.23   1.21 10.7    .49 13.1 240
  2 210 -72.5 136.50   1.80 10.0    .91 15.1 240
  2 210 -67.5 135.69   2.10 10.2   1.39 15.1 240
  2 210 -62.5 134.97   2.16 10.5   1.86 15.3 240
  2 210 -57.5 134.31   2.21 10.7   2.24 15.6 240
  2 210 -52.5 133.60   2.33 10.8   2.40 15.7 240
  2 210 -47.5 132.67   2.40 10.9   2.33 15.8 240
  2 210 -42.5 131.67   2.35 11.0   2.09 15.7 240
  2 210 -37.5 130.60   2.22 11.0   1.81 15.5 240
  2 210 -32.5 129.64   2.07 10.9   1.56 15.1 240
  2 210 -27.5 128.88   2.02 10.5   1.48 14.3 240
  2 210 -22.5 128.36   2.08 10.4   1.74 13.6 240
  2 210 -17.5 127.95   2.22 10.5   2.17 13.2 240
  2 210 -12.5 127.66   2.36 10.9   2.61 12.9 240
  2 210  -7.5 127.44   2.38 11.2   2.99 12.7 240
  2 210  -2.5 127.30   2.29 11.5   3.25 12.7 240
  2 210   2.5 127.30   2.07 11.8   3.42 12.6 240
  2 210   7.5 127.51   1.62 12.4   3.46 12.6 240
  2 210  12.5 128.04   1.06 14.0   3.37 12.7 240
  2 210  17.5 128.55    .69 18.0   3.26 12.8 240
  2 210  22.5 128.94    .92 22.5   3.26 13.0 240
  2 210  27.5 129.15   1.68 24.4   3.32 13.2 240
  2 210  32.5 129.50   2.33 25.1   3.22 13.3 240
  2 210  37.5 129.95   2.73 25.3   2.80 13.1 240
  2 210  42.5 130.01   3.14 25.6   1.97 12.5 240
  2 210  47.5 129.78   3.67 25.8   1.20 23.0 240
  2 210  52.5 129.56   4.22 25.4   1.39 20.9 240
  2 210  57.5 128.85   4.89 24.2   2.31 19.7 240
  2 210  62.5 128.79   4.86 23.1   2.46 19.2 240
  2 210  67.5 129.97   2.90 21.8   1.18 20.9 240
  2 210  72.5 131.51   1.00 16.1    .79 11.1 240
  2 210  77.5 132.54    .65 31.1   1.15 22.8 240
  2 210  82.5 132.00   1.44 25.1    .57 21.0 240
  2 210  87.5 130.57   2.17 22.9    .12 19.8 240
  2 240 -87.5 137.00    .69 20.4    .35 19.9 240
  2 240 -82.5 136.55    .87 20.1    .30 19.9 240
  2 240 -77.5 135.98    .91 18.6    .32 18.8 240
  2 240 -72.5 135.41   1.11 15.2    .46 16.9 240
  2 240 -67.5 135.04   2.22 12.4    .70 15.8 240
  2 240 -62.5 134.75   3.56 11.8   1.04 15.2 240
  2 240 -57.5 134.65   4.42 11.6   1.39 14.9 240
  2 240 -52.5 134.52   4.70 11.5   1.64 15.0 240
  2 240 -47.5 134.29   4.49 11.4   1.73 15.4 240
  2 240 -42.5 133.90   4.07 11.3   1.71 15.9 240
  2 240 -37.5 133.24   3.64 11.0   1.51 16.3 240
  2 240 -32.5 132.52   3.33 10.6   1.13 16.3 240
  2 240 -27.5 131.73   3.18 10.1    .76 15.8 240
  2 240 -22.5 130.91   3.11 33.7    .68 14.9 240
  2 240 -17.5 130.18   3.09 33.5    .93 14.1 240
  2 240 -12.5 129.39   3.09 33.2   1.24 13.9 240
  2 240  -7.5 128.64   3.03 32.9   1.46 14.1 240
  2 240  -2.5 128.01   2.98 32.6   1.57 14.3 240
  2 240   2.5 127.53   2.90 32.4   1.60 14.4 240
  2 240   7.5 127.12   2.66 32.1   1.51 14.5 240
  2 240  12.5 126.92   2.34 31.6   1.21 14.4 240
  2 240  17.5 126.84   2.04 30.9    .83 13.9 240
  2 240  22.5 127.02   1.81 29.8    .74 12.7 240
  2 240  27.5 127.54   1.53 28.7   1.14 11.6 240
  2 240  32.5 128.23   1.34 27.4   1.67 11.2 240
  2 240  37.5 129.10   1.50 26.3   1.85 11.3 240
  2 240  42.5 130.08   1.79 25.8   1.42 11.7 240
  2 240  47.5 130.80   2.05 25.8    .71 12.4 240
  2 240  52.5 131.02   2.26 25.7    .26 15.2 240
  2 240  57.5 130.80   2.29 26.0    .22 18.2 240
  2 240  62.5 130.64   2.27 26.3    .52 19.8 240
  2 240  67.5 130.60   2.25 26.3   1.17 20.5 240
  2 240  72.5 130.98   2.32 26.5   2.01 20.6 240
  2 240  77.5 131.95   2.59 26.1   2.28 20.5 240
  2 240  82.5 132.25   2.99 24.5   1.39 18.7 240
  2 240  87.5 131.45   2.79 23.0    .76 17.1 240
  2 270 -87.5 133.85    .68 15.1    .29 19.3 240
  2 270 -82.5 133.82   1.10 15.1    .26 19.3 240
  2 270 -77.5 133.66   1.71 14.9    .24 18.5 240
  2 270 -72.5 133.34   2.02 14.5    .39 17.6 240
  2 270 -67.5 132.89   2.36 13.7    .68 17.6 240
  2 270 -62.5 132.33   2.83 12.8    .98 17.6 240
  2 270 -57.5 131.83   3.34 12.2   1.32 17.4 240
  2 270 -52.5 131.39   3.77 11.8   1.59 17.3 240
  2 270 -47.5 130.85   3.99 11.4   1.74 17.2 240
  2 270 -42.5 130.21   3.95 11.2   1.71 17.2 240
  2 270 -37.5 129.37   3.66 11.0   1.46 17.2 240
  2 270 -32.5 128.43   3.22 11.0   1.12 16.9 240
  2 270 -27.5 127.40   2.84 11.0    .94 16.0 240
  2 270 -22.5 126.39   2.62 11.2   1.07 15.1 240
  2 270 -17.5 125.54   2.47 11.4   1.33 14.6 240
  2 270 -12.5 124.72   2.35 11.6   1.54 14.4 240
  2 270  -7.5 123.91   2.22 11.9   1.68 14.3 240
  2 270  -2.5 123.29   2.06 12.3   1.69 14.4 240
  2 270   2.5 122.74   1.84 12.8   1.56 14.4 240
  2 270   7.5 122.34   1.57 13.6   1.38 14.4 240
  2 270  12.5 122.22   1.32 14.9   1.10 14.0 240
  2 270  17.5 122.27   1.33 16.7    .90 13.1 240
  2 270  22.5 122.54   1.60 18.1    .98 12.1 240
  2 270  27.5 123.04   1.76 19.0   1.22 11.6 240
  2 270  32.5 123.72   1.72 20.2   1.32 11.9 240
  2 270  37.5 124.40   1.88 22.3   1.32 12.8 240
  2 270  42.5 124.75   2.53 24.0   1.55 14.1 240
  2 270  47.5 124.63   3.31 24.8   1.91 15.1 240
  2 270  52.5 124.18   3.80 25.1   2.08 16.0 240
  2 270  57.5 123.58   3.80 25.0   2.38 16.8 240
  2 270  62.5 123.55   3.02 25.0   2.84 17.3 240
  2 270  67.5 124.72   1.44 24.2   2.60 17.4 240
  2 270  72.5 127.11    .99 20.1   1.52 17.3 240
  2 270  77.5 128.85   1.98 17.5    .61 19.1 240
  2 270  82.5 127.29   2.29 18.6    .24 11.2 240
  2 270  87.5 124.30   1.45 20.4    .16 13.7 240
  2 300 -87.5 129.60    .22 27.6    .03 19.5 240
  2 300 -82.5 129.66    .25 29.1    .05 19.5 240
  2 300 -77.5 129.53    .40 32.5    .20 19.6 240
  2 300 -72.5 129.26    .76 11.4    .50 20.3 240
  2 300 -67.5 128.91   1.24 12.6    .87 21.3 240
  2 300 -62.5 128.52   1.71 13.1   1.17 21.6 240
  2 300 -57.5 128.10   2.10 13.2   1.25 21.9 240
  2 300 -52.5 127.53   2.37 13.3   1.14 22.0 240
  2 300 -47.5 126.82   2.51 13.3    .96 22.1 240
  2 300 -42.5 126.01   2.48 13.4    .83 21.9 240
  2 300 -37.5 125.22   2.29 13.5    .86 21.9 240
  2 300 -32.5 124.43   1.98 13.7   1.06 22.1 240
  2 300 -27.5 123.72   1.64 13.9   1.37 22.3 240
  2 300 -22.5 123.01   1.38 13.9   1.67 22.5 240
  2 300 -17.5 122.32   1.20 13.7   1.85 22.6 240
  2 300 -12.5 121.56   1.04 13.6   1.89 22.6 240
  2 300  -7.5 120.84    .89 14.0   1.84 22.7 240
  2 300  -2.5 120.23    .72 15.3   1.80 22.8 240
  2 300   2.5 119.81    .66 17.3   1.82 22.9 240
  2 300   7.5 119.62    .75 19.3   1.89 23.0 240
  2 300  12.5 119.59    .91 20.8   1.99 11.1 240
  2 300  17.5 119.69   1.10 22.0   2.06 11.3 240
  2 300  22.5 119.83   1.31 23.1   2.00 11.3 240
  2 300  27.5 119.98   1.64 24.3   1.77 11.3 240
  2 300  32.5 120.06   2.10 25.4   1.37 11.1 240
  2 300  37.5 120.06   2.55 26.0    .93 22.3 240
  2 300  42.5 119.88   2.85 26.1    .83 21.0 240
  2 300  47.5 119.50   3.07 25.9    .95 20.0 240
  2 300  52.5 119.16   3.42 25.4    .96 19.5 240
  2 300  57.5 118.94   3.99 24.6    .90 19.2 240
  2 300  62.5 118.90   4.69 23.8   1.10 18.6 240
  2 300  67.5 119.09   5.20 23.4   1.70 17.9 240
  2 300  72.5 119.91   4.92 23.4   2.19 17.3 240
  2 300  77.5 121.40   3.43 23.6   1.83 16.6 240
  2 300  82.5 122.32   1.49 24.5    .79 14.5 240
  2 300  87.5 122.63    .42 26.6    .26 12.9 240
  2 330 -87.5 123.29    .51 25.0    .08 21.5 240
  2 330 -82.5 123.62    .71 25.1    .10 21.5 240
  2 330 -77.5 123.86   1.14 25.1    .38 22.8 240
  2 330 -72.5 123.93   1.64 25.0    .86 11.7 240
  2 330 -67.5 123.95   2.07 24.9   1.23 11.1 240
  2 330 -62.5 123.85   2.23 25.0   1.60 22.7 240
  2 330 -57.5 123.77   2.14 25.1   2.05 22.4 240
  2 330 -52.5 123.63   1.85 25.1   2.58 22.2 240
  2 330 -47.5 123.39   1.45 25.3   3.08 22.1 240
  2 330 -42.5 122.95    .99 26.0   3.44 22.2 240
  2 330 -37.5 122.39    .60 28.5   3.68 22.3 240
  2 330 -32.5 121.74    .70 32.2   3.89 22.5 240
  2 330 -27.5 121.21   1.24 10.7   4.14 22.8 240
  2 330 -22.5 120.80   1.93 11.6   4.42 23.0 240
  2 330 -17.5 120.59   2.68 12.1   4.66 11.1 240
  2 330 -12.5 120.52   3.35 12.3   4.84 11.2 240
  2 330  -7.5 120.60   3.71 12.4   4.94 11.4 240
  2 330  -2.5 120.94   3.57 12.5   5.16 11.6 240
  2 330   2.5 121.23   3.11 12.5   5.49 11.8 240
  2 330   7.5 121.38   2.66 12.4   5.77 12.0 240
  2 330  12.5 121.31   2.32 12.3   5.90 12.0 240
  2 330  17.5 121.23   1.98 12.1   5.86 12.0 240
  2 330  22.5 121.23   1.56 11.6   5.76 11.9 240
  2 330  27.5 121.29   1.22 33.9   5.62 11.8 240
  2 330  32.5 121.18   1.30 31.6   5.22 11.8 240
  2 330  37.5 120.94   1.74 30.1   4.49 11.8 240
  2 330  42.5 120.59   2.10 29.6   3.71 11.6 240
  2 330  47.5 120.12   2.18 29.4   3.26 11.4 240
  2 330  52.5 119.52   2.05 29.1   3.29 11.1 240
  2 330  57.5 118.44   1.81 28.2   3.55 22.9 240
  2 330  62.5 117.17   1.77 26.2   3.80 22.8 240
  2 330  67.5 115.60   2.45 23.8   3.87 22.9 240
  2 330  72.5 113.95   3.78 22.4   3.67 11.1 240
  2 330  77.5 112.61   4.88 21.2   2.88 11.3 240
  2 330  82.5 110.88   5.37 19.9   1.24 13.0 240
  2 330  87.5 109.07   4.46 19.4    .18 14.4 240
  2 360 -87.5 120.70   1.59 23.8    .35 18.0 240
  2 360 -82.5 120.87   2.35 23.9    .29 18.0 240
  2 360 -77.5 120.95   3.41 24.0   1.02 20.9 240
  2 360 -72.5 120.86   3.71 23.6   1.95 11.8 240
  2 360 -67.5 120.91   3.40 23.2   1.94 11.9 240
  2 360 -62.5 120.88   2.88 23.2   1.61 12.4 240
  2 360 -57.5 120.91   2.58 23.6   1.41 12.9 240
  2 360 -52.5 120.88   2.41 23.9   1.29 13.1 240
  2 360 -47.5 120.60   2.16 23.8   1.14 12.9 240
  2 360 -42.5 120.22   1.73 23.1    .95 12.4 240
  2 360 -37.5 119.69   1.27 21.8    .83 11.5 240
  2 360 -32.5 119.23   1.07 19.6   1.00 22.5 240
  2 360 -27.5 118.77   1.23 17.4   1.38 21.8 240
  2 360 -22.5 118.33   1.57 16.0   1.76 21.5 240
  2 360 -17.5 117.95   1.92 15.3   2.08 21.4 240
  2 360 -12.5 117.65   2.18 15.0   2.34 21.4 240
  2 360  -7.5 117.54   2.35 14.9   2.56 21.5 240
  2 360  -2.5 117.55   2.41 14.6   2.69 21.6 240
  2 360   2.5 117.66   2.39 14.4   2.73 21.8 240
  2 360   7.5 117.84   2.41 14.1   2.75 22.0 240
  2 360  12.5 118.00   2.36 13.8   2.83 22.3 240
  2 360  17.5 118.16   2.29 13.8   3.02 22.6 240
  2 360  22.5 118.34   2.29 13.9   3.35 22.8 240
  2 360  27.5 118.56   2.26 14.1   3.71 22.9 240
  2 360  32.5 118.86   2.06 14.3   3.98 23.0 240
  2 360  37.5 119.22   1.64 14.7   4.07 23.0 240
  2 360  42.5 119.64   1.09 15.6   3.99 23.0 240
  2 360  47.5 120.04    .73 18.5   3.73 23.0 240
  2 360  52.5 120.46    .93 21.9   3.29 11.1 240
  2 360  57.5 120.81   1.62 23.4   2.75 11.2 240
  2 360  62.5 121.16   2.46 23.6   2.19 11.4 240
  2 360  67.5 121.44   3.41 23.7   1.67 11.8 240
  2 360  72.5 121.77   4.25 23.7   1.25 12.4 240
  2 360  77.5 122.59   4.30 23.7   1.04 13.0 240
  2 360  82.5 123.63   3.14 23.9    .60 12.2 240
  2 360  87.5 124.32   1.53 24.1    .22 11.2 240
