  1  30 -87.5 107.39   2.97 16.7    .17 17.4 240
  1  30 -82.5 109.01   3.93 16.7    .15 17.4 240
  1  30 -77.5 111.07   4.47 16.9    .19 14.8 240
  1  30 -72.5 112.47   3.20 17.8    .68 12.1 240
  1  30 -67.5 113.36   1.76 18.9   1.40 11.9 240
  1  30 -62.5 113.93    .75 17.8   1.62 11.8 240
  1  30 -57.5 114.47    .49 14.1   1.49 12.0 240
  1  30 -52.5 114.93    .96 12.1   1.46 12.0 240
  1  30 -47.5 115.21   1.49 12.4   1.54 11.7 240
  1  30 -42.5 115.53   1.81 12.5   1.71 11.2 240
  1  30 -37.5 115.76   1.83 12.3   1.96 22.7 240
  1  30 -32.5 115.66   1.61 12.3   2.22 22.4 240
  1  30 -27.5 115.49   1.28 12.4   2.35 22.4 240
  1  30 -22.5 115.36    .97 12.6   2.28 22.4 240
  1  30 -17.5 115.26    .77 12.8   2.14 22.7 240
  1  30 -12.5 115.39    .67 13.1   2.12 11.1 240
  1  30  -7.5 115.65    .69 14.0   2.33 11.5 240
  1  30  -2.5 115.93    .88 15.4   2.68 11.7 240
  1  30   2.5 116.16   1.37 16.3   3.02 11.6 240
  1  30   7.5 116.27   2.15 16.5   3.24 11.3 240
  1  30  12.5 116.37   2.99 16.3   3.39 22.8 240
  1  30  17.5 116.55   3.56 16.1   3.45 22.3 240
  1  30  22.5 116.85   3.64 15.8   3.20 22.1 240
  1  30  27.5 117.20   3.40 15.5   2.64 21.9 240
  1  30  32.5 117.62   3.03 15.2   1.95 21.8 240
  1  30  37.5 118.11   2.55 15.2   1.29 21.6 240
  1  30  42.5 118.60   2.07 15.2    .70 21.7 240
  1  30  47.5 119.15   1.69 15.5    .32 11.6 240
  1  30  52.5 119.78   1.45 16.1    .41 13.9 240
  1  30  57.5 120.46   1.33 16.8    .77 14.5 240
  1  30  62.5 121.16   1.22 17.5   1.07 14.6 240
  1  30  67.5 121.87   1.03 18.0   1.24 14.6 240
  1  30  72.5 122.58    .83 18.3   1.24 14.5 240
  1  30  77.5 123.40    .70 17.9   1.04 14.4 240
  1  30  82.5 124.25    .60 17.1    .46 17.0 240
  1  30  87.5 124.91    .38 16.2    .02 19.6 240
  1  60 -87.5 102.66    .61 15.6    .06 16.6 240
  1  60 -82.5 104.42   1.08 15.7    .07 16.6 240
  1  60 -77.5 107.27   1.84 15.7    .86 15.3 240
  1  60 -72.5 109.72   2.27 15.2   1.68 13.5 240
  1  60 -67.5 111.47   2.37 14.6   1.35 12.2 240
  1  60 -62.5 112.84   2.04 13.9   1.09 22.1 240
  1  60 -57.5 113.81   1.46 13.1   1.43 20.5 240
  1  60 -52.5 114.33   1.07 12.6   1.81 20.2 240
  1  60 -47.5 114.43    .90 12.7   2.06 20.6 240
  1  60 -42.5 114.46    .84 13.5   2.34 21.2 240
  1  60 -37.5 114.48    .85 14.4   2.61 21.6 240
  1  60 -32.5 114.50    .86 14.8   2.72 21.8 240
  1  60 -27.5 114.48    .83 14.4   2.59 21.8 240
  1  60 -22.5 114.40    .81 13.4   2.27 21.8 240
  1  60 -17.5 114.35    .88 12.2   1.85 21.7 240
  1  60 -12.5 114.39    .97 11.5   1.41 21.6 240
  1  60  -7.5 114.51   1.05 11.3    .99 21.6 240
  1  60  -2.5 114.69   1.08 11.3    .59 21.9 240
  1  60   2.5 114.86   1.06 11.3    .34 11.3 240
  1  60   7.5 114.97    .96 11.3    .43 13.1 240
  1  60  12.5 115.03    .79 11.6    .68 13.6 240
  1  60  17.5 115.05    .68 12.7    .79 13.7 240
  1  60  22.5 115.08    .76 14.2    .73 13.6 240
  1  60  27.5 115.37    .93 15.2    .63 13.6 240
  1  60  32.5 115.84    .95 15.9    .65 13.5 240
  1  60  37.5 116.45    .82 16.6    .92 13.6 240
  1  60  42.5 116.99    .71 17.2   1.30 13.4 240
  1  60  47.5 117.39    .80 16.9   1.59 13.1 240
  1  60  52.5 117.76   1.12 15.9   1.67 12.6 240
  1  60  57.5 118.27   1.46 15.2   1.58 12.3 240
  1  60  62.5 118.88   1.71 14.7   1.42 12.1 240
  1  60  67.5 119.58   1.88 14.6   1.24 12.0 240
  1  60  72.5 120.19   1.94 14.7   1.01 11.9 240
  1  60  77.5 120.60   1.81 14.9    .73 11.6 240
  1  60  82.5 120.79   1.43 14.9    .32 11.8 240
  1  60  87.5 120.80    .84 15.0    .09 12.3 240
  1  90 -87.5 101.97    .77 13.0    .15 11.8 240
  1  90 -82.5 103.87   1.34 13.3    .12 11.8 240
  1  90 -77.5 106.91   2.35 13.8    .68 12.2 240
  1  90 -72.5 109.73   3.06 14.0   1.35 12.4 240
  1  90 -67.5 112.12   3.28 13.9   1.30 11.4 240
  1  90 -62.5 114.10   2.76 13.4   1.08 21.9 240
  1  90 -57.5 115.43   1.78 12.2    .95 20.5 240
  1  90 -52.5 115.97   1.07 10.0    .94 19.9 240
  1  90 -47.5 115.79   1.01 31.3   1.13 20.1 240
  1  90 -42.5 115.20   1.43 29.5   1.46 20.3 240
  1  90 -37.5 114.45   1.91 29.2   1.76 20.3 240
  1  90 -32.5 113.74   2.16 29.3   1.94 20.2 240
  1  90 -27.5 113.27   2.16 29.4   1.96 20.0 240
  1  90 -22.5 113.01   1.97 29.2   1.85 19.9 240
  1  90 -17.5 112.88   1.66 28.8   1.58 19.8 240
  1  90 -12.5 112.86   1.27 28.4   1.21 20.0 240
  1  90  -7.5 112.86    .83 28.3    .90 20.5 240
  1  90  -2.5 112.96    .51 30.3    .73 21.0 240
  1  90   2.5 113.09    .65 33.6    .68 21.4 240
  1  90   7.5 113.29   1.18 11.3    .69 21.5 240
  1  90  12.5 113.59   1.73 11.8    .79 21.5 240
  1  90  17.5 113.93   2.18 12.0    .93 21.6 240
  1  90  22.5 114.27   2.56 12.1   1.08 21.8 240
  1  90  27.5 114.63   2.85 12.3   1.27 22.1 240
  1  90  32.5 115.04   3.08 12.6   1.47 22.5 240
  1  90  37.5 115.64   3.28 12.7   1.64 22.9 240
  1  90  42.5 116.49   3.47 12.7   1.71 23.0 240
  1  90  47.5 117.43   3.62 12.7   1.67 22.9 240
  1  90  52.5 118.29   3.66 12.6   1.50 22.7 240
  1  90  57.5 119.09   3.49 12.8   1.26 22.4 240
  1  90  62.5 119.72   3.10 13.0    .96 21.9 240
  1  90  67.5 120.32   2.55 13.1    .67 20.9 240
  1  90  72.5 120.82   1.91 13.1    .56 19.8 240
  1  90  77.5 121.38   1.34 12.8    .44 18.9 240
  1  90  82.5 121.87    .92 12.6    .19 21.1 240
  1  90  87.5 122.16    .53 12.9    .08 11.7 240
  1 120 -87.5 108.19   2.26 16.5    .07 12.1 240
  1 120 -82.5 109.63   2.76 16.7    .09 12.1 240
  1 120 -77.5 111.11   2.72 17.8    .63 21.6 240
  1 120 -72.5 112.03   2.31 20.4   1.29 19.4 240
  1 120 -67.5 112.57   2.53 22.8   1.43 19.5 240
  1 120 -62.5 112.68   2.37 23.9   1.24 19.1 240
  1 120 -57.5 112.69   1.82 24.7    .83 19.0 240
  1 120 -52.5 112.89   1.31 24.9    .59 20.3 240
  1 120 -47.5 113.22    .97 24.5    .83 21.9 240
  1 120 -42.5 113.60    .74 24.0   1.34 22.6 240
  1 120 -37.5 113.89    .46 24.0   1.78 22.9 240
  1 120 -32.5 113.99    .22 27.8   2.07 11.1 240
  1 120 -27.5 113.95    .31 32.8   2.21 11.2 240
  1 120 -22.5 113.82    .57 10.6   2.29 11.3 240
  1 120 -17.5 113.72    .75 11.3   2.41 11.5 240
  1 120 -12.5 113.69    .84 12.1   2.62 11.7 240
  1 120  -7.5 113.77    .87 12.6   2.81 11.8 240
  1 120  -2.5 113.94    .87 12.8   2.90 11.8 240
  1 120   2.5 114.20    .89 12.4   2.84 11.8 240
  1 120   7.5 114.46    .99 11.6   2.68 11.9 240
  1 120  12.5 114.73   1.22 10.9   2.47 11.9 240
  1 120  17.5 115.02   1.52 10.5   2.22 11.9 240
  1 120  22.5 115.43   1.73 10.4   1.99 12.0 240
  1 120  27.5 115.96   1.76 10.4   1.84 12.2 240
  1 120  32.5 116.59   1.60 10.4   1.82 12.6 240
  1 120  37.5 117.30   1.31 10.3   1.88 13.0 240
  1 120  42.5 118.03    .99 33.8   1.99 13.5 240
  1 120  47.5 118.69    .71 33.2   2.05 13.9 240
  1 120  52.5 119.17    .57 33.3   1.93 14.2 240
  1 120  57.5 119.59    .60 33.9   1.57 14.6 240
  1 120  62.5 120.04    .78 33.9   1.19 15.4 240
  1 120  67.5 120.57    .93 33.2   1.04 16.3 240
  1 120  72.5 120.97    .95 32.5    .98 16.8 240
  1 120  77.5 121.26    .78 32.4    .74 16.7 240
  1 120  82.5 121.48    .52 33.8    .30 17.3 240
  1 120  87.5 121.60    .33 11.9    .05 18.2 240
  1 150 -87.5 112.36   2.76 17.4    .13 13.7 240
  1 150 -82.5 111.85   3.30 18.5    .14 13.7 240
  1 150 -77.5 111.86   3.54 20.0    .84 11.6 240
  1 150 -72.5 112.04   2.48 20.9   1.50 21.8 240
  1 150 -67.5 112.54   1.14 23.2   1.31 22.3 240
  1 150 -62.5 113.03    .73 27.7   1.15 22.8 240
  1 150 -57.5 113.36   1.07 31.3   1.32 11.1 240
  1 150 -52.5 113.64   1.36 33.2   1.63 22.9 240
  1 150 -47.5 113.91   1.57 10.4   1.95 22.7 240
  1 150 -42.5 114.21   1.61 10.9   2.32 22.6 240
  1 150 -37.5 114.42   1.54 11.0   2.67 22.5 240
  1 150 -32.5 114.49   1.52 10.9   2.80 22.5 240
  1 150 -27.5 114.50   1.58 10.8   2.63 22.6 240
  1 150 -22.5 114.42   1.65 10.7   2.28 22.7 240
  1 150 -17.5 114.45   1.62 10.8   1.93 22.9 240
  1 150 -12.5 114.52   1.46 11.1   1.71 11.2 240
  1 150  -7.5 114.74   1.21 11.9   1.78 11.6 240
  1 150  -2.5 115.00    .97 13.6   2.24 11.9 240
  1 150   2.5 115.31   1.06 15.9   3.02 12.0 240
  1 150   7.5 115.47   1.59 17.1   3.91 11.8 240
  1 150  12.5 115.45   2.33 16.9   4.54 11.5 240
  1 150  17.5 115.36   3.03 16.2   4.65 11.1 240
  1 150  22.5 115.37   3.52 15.4   4.21 22.9 240
  1 150  27.5 115.62   3.73 14.7   3.43 22.7 240
  1 150  32.5 116.11   3.65 14.1   2.66 22.7 240
  1 150  37.5 116.83   3.35 13.9   2.11 22.7 240
  1 150  42.5 117.67   2.90 13.8   1.72 22.6 240
  1 150  47.5 118.61   2.42 14.1   1.35 22.4 240
  1 150  52.5 119.54   2.00 14.6    .90 22.2 240
  1 150  57.5 120.43   1.64 15.4    .40 23.0 240
  1 150  62.5 121.18   1.39 16.6    .32 13.2 240
  1 150  67.5 121.73   1.31 18.0    .62 14.6 240
  1 150  72.5 122.03   1.40 19.1    .75 14.6 240
  1 150  77.5 122.14   1.51 19.6    .60 14.5 240
  1 150  82.5 122.12   1.42 19.6    .26 12.4 240
  1 150  87.5 122.02    .95 19.6    .05 22.3 240
  1 180 -87.5 121.64   1.76 25.6    .09 21.5 240
  1 180 -82.5 121.30   3.06 26.0    .08 21.5 240
  1 180 -77.5 120.88   4.95 26.4    .47 11.9 240
  1 180 -72.5 120.41   5.28 26.3   1.00 13.7 240
  1 180 -67.5 120.14   4.48 26.0   1.35 12.8 240
  1 180 -62.5 120.00   3.40 25.7   1.73 12.2 240
  1 180 -57.5 119.85   2.34 25.7   2.00 11.6 240
  1 180 -52.5 119.65   1.37 26.0   2.20 11.2 240
  1 180 -47.5 119.32    .54 27.5   2.43 22.9 240
  1 180 -42.5 118.93    .35 33.1   2.71 22.6 240
  1 180 -37.5 118.51    .78 13.8   3.03 22.5 240
  1 180 -32.5 117.99   1.26 14.2   3.36 22.4 240
  1 180 -27.5 117.55   1.71 14.4   3.68 22.4 240
  1 180 -22.5 117.16   2.18 14.3   4.00 22.4 240
  1 180 -17.5 116.91   2.68 14.3   4.29 22.4 240
  1 180 -12.5 116.85   3.23 14.2   4.54 22.4 240
  1 180  -7.5 116.94   3.71 14.1   4.72 22.5 240
  1 180  -2.5 117.13   4.00 14.1   4.84 22.6 240
  1 180   2.5 117.34   4.00 14.1   4.92 22.8 240
  1 180   7.5 117.56   3.80 14.2   5.07 11.1 240
  1 180  12.5 117.80   3.51 14.5   5.33 11.2 240
  1 180  17.5 118.11   3.19 14.9   5.63 11.3 240
  1 180  22.5 118.42   2.88 15.4   5.81 11.4 240
  1 180  27.5 118.68   2.55 15.7   5.73 11.4 240
  1 180  32.5 118.79   2.18 15.7   5.38 11.4 240
  1 180  37.5 118.89   1.70 15.4   4.86 11.4 240
  1 180  42.5 119.07   1.06 15.3   4.29 11.4 240
  1 180  47.5 119.30    .54 19.6   3.70 11.4 240
  1 180  52.5 119.60    .95 24.4   3.02 11.6 240
  1 180  57.5 119.82   2.12 24.9   2.30 12.0 240
  1 180  62.5 120.00   3.28 24.7   1.84 12.7 240
  1 180  67.5 119.82   4.21 24.7   1.93 13.6 240
  1 180  72.5 119.57   4.62 24.7   2.39 14.3 240
  1 180  77.5 119.94   4.43 24.7   2.45 14.8 240
  1 180  82.5 120.69   3.66 24.9   1.14 17.2 240
  1 180  87.5 121.41   2.29 25.7    .04 19.4 240
  1 210 -87.5 124.66    .84 28.1    .15 14.5 240
  1 210 -82.5 124.87   1.32 28.3    .13 14.5 240
  1 210 -77.5 125.04   2.02 28.6    .29 14.6 240
  1 210 -72.5 125.24   2.20 28.6    .54 13.5 240
  1 210 -67.5 125.48   2.00 28.0    .99 11.8 240
  1 210 -62.5 125.45   1.78 26.7   1.68 11.1 240
  1 210 -57.5 125.14   1.71 25.5   2.19 11.0 240
  1 210 -52.5 124.69   1.55 25.0   2.51 11.0 240
  1 210 -47.5 124.15   1.23 25.0   2.77 11.1 240
  1 210 -42.5 123.60    .80 25.7   3.05 11.2 240
  1 210 -37.5 123.03    .47 28.7   3.37 11.2 240
  1 210 -32.5 122.48    .53 32.6   3.71 11.2 240
  1 210 -27.5 121.99    .94 10.7   4.02 11.2 240
  1 210 -22.5 121.56   1.43 11.5   4.28 11.2 240
  1 210 -17.5 121.17   1.99 11.8   4.45 11.2 240
  1 210 -12.5 120.82   2.55 11.9   4.57 11.2 240
  1 210  -7.5 120.53   2.91 12.0   4.68 11.3 240
  1 210  -2.5 120.48   3.00 12.2   5.01 11.4 240
  1 210   2.5 120.64   2.79 12.4   5.64 11.6 240
  1 210   7.5 120.86   2.41 12.7   6.35 11.7 240
  1 210  12.5 120.84   2.12 12.8   6.81 11.8 240
  1 210  17.5 120.66   2.08 12.7   6.83 11.9 240
  1 210  22.5 120.38   2.16 12.2   6.46 11.9 240
  1 210  27.5 120.21   2.04 11.7   5.91 11.8 240
  1 210  32.5 120.14   1.62 11.1   5.31 11.7 240
  1 210  37.5 120.20   1.04 33.8   4.71 11.6 240
  1 210  42.5 120.21    .72 30.8   4.23 11.4 240
  1 210  47.5 120.02    .91 28.1   3.85 11.2 240
  1 210  52.5 119.51   1.31 28.2   3.36 22.9 240
  1 210  57.5 118.70   1.71 29.2   2.63 22.5 240
  1 210  62.5 117.89   1.94 29.4   2.11 22.0 240
  1 210  67.5 116.96   1.95 27.8   2.10 21.9 240
  1 210  72.5 116.04   2.64 24.9   2.32 22.3 240
  1 210  77.5 115.78   4.07 22.7   2.30 22.7 240
  1 210  82.5 114.84   5.03 21.2   1.19 13.7 240
  1 210  87.5 113.33   4.23 20.1    .20 16.5 240
  1 240 -87.5 135.87    .86 17.3    .12 12.1 240
  1 240 -82.5 135.67   1.33 17.0    .09 12.1 240
  1 240 -77.5 135.31   2.00 16.7    .24 23.0 240
  1 240 -72.5 134.88   2.24 16.2    .41 22.6 240
  1 240 -67.5 134.48   2.27 15.4    .56 12.4 240
  1 240 -62.5 134.02   2.21 14.3    .96 13.7 240
  1 240 -57.5 133.52   2.24 12.9   1.36 14.3 240
  1 240 -52.5 132.97   2.50 11.5   1.67 14.8 240
  1 240 -47.5 132.40   2.97 10.6   1.81 15.2 240
  1 240 -42.5 131.93   3.33 10.2   1.71 15.7 240
  1 240 -37.5 131.41   3.37 10.1   1.43 16.1 240
  1 240 -32.5 130.89   3.19 10.1    .99 16.4 240
  1 240 -27.5 130.18   2.91 10.1    .57 15.7 240
  1 240 -22.5 129.34   2.65 10.1    .58 14.2 240
  1 240 -17.5 128.47   2.43 10.2    .98 13.4 240
  1 240 -12.5 127.63   2.28 10.2   1.35 13.5 240
  1 240  -7.5 126.89   2.17 10.2   1.54 13.7 240
  1 240  -2.5 126.31   2.01 10.4   1.56 13.8 240
  1 240   2.5 125.91   1.76 10.9   1.41 13.8 240
  1 240   7.5 125.70   1.47 11.7   1.10 13.6 240
  1 240  12.5 125.64   1.30 12.9    .82 12.8 240
  1 240  17.5 125.78   1.23 14.1    .77 12.0 240
  1 240  22.5 126.10   1.11 15.1    .91 11.5 240
  1 240  27.5 126.64    .84 16.9   1.03 11.5 240
  1 240  32.5 127.25    .83 20.7   1.02 12.0 240
  1 240  37.5 127.91   1.50 23.9    .91 12.9 240
  1 240  42.5 128.32   2.62 24.8    .82 13.9 240
  1 240  47.5 128.49   3.65 25.0    .76 14.9 240
  1 240  52.5 128.44   4.44 25.0    .64 16.1 240
  1 240  57.5 128.31   4.91 25.0    .79 17.8 240
  1 240  62.5 128.64   4.45 24.9   1.35 18.8 240
  1 240  67.5 129.43   2.32 24.3   1.74 18.9 240
  1 240  72.5 129.90   1.78 19.0   1.61 18.7 240
  1 240  77.5 128.82   3.64 14.1   1.22 18.3 240
  1 240  82.5 125.91   4.39 14.0    .86 17.8 240
  1 240  87.5 123.47   3.36 14.0    .76 17.7 240
  1 270 -87.5 128.45    .56 11.6    .24 18.5 240
  1 270 -82.5 128.83    .92 11.4    .23 18.5 240
  1 270 -77.5 129.26   1.62 11.2    .33 19.0 240
  1 270 -72.5 129.63   2.20 11.2    .48 19.9 240
  1 270 -67.5 129.82   2.66 11.3    .43 21.0 240
  1 270 -62.5 129.73   2.99 11.3    .40 11.0 240
  1 270 -57.5 129.73   3.18 10.9    .73 13.2 240
  1 270 -52.5 129.66   3.27 10.3   1.44 14.6 240
  1 270 -47.5 129.19   3.50 33.6   2.30 15.1 240
  1 270 -42.5 128.28   3.90 33.1   2.94 15.3 240
  1 270 -37.5 127.24   4.09 32.9   3.12 15.2 240
  1 270 -32.5 126.39   3.84 33.2   2.93 15.1 240
  1 270 -27.5 125.59   3.30 33.8   2.53 15.0 240
  1 270 -22.5 124.79   2.83 10.5   2.20 14.7 240
  1 270 -17.5 124.09   2.59 11.1   2.03 14.5 240
  1 270 -12.5 123.45   2.50 11.6   1.90 14.3 240
  1 270  -7.5 122.90   2.47 11.9   1.68 14.2 240
  1 270  -2.5 122.48   2.43 12.2   1.39 14.2 240
  1 270   2.5 122.15   2.35 12.3   1.07 14.2 240
  1 270   7.5 121.99   2.24 12.2    .74 13.9 240
  1 270  12.5 122.06   2.01 11.9    .55 13.1 240
  1 270  17.5 122.43   1.69 11.5    .68 12.1 240
  1 270  22.5 123.06   1.33 11.0   1.06 11.4 240
  1 270  27.5 123.80   1.00 33.8   1.41 11.3 240
  1 270  32.5 124.45    .86 32.4   1.54 11.2 240
  1 270  37.5 124.96    .91 31.5   1.55 11.1 240
  1 270  42.5 125.45   1.05 31.1   1.50 11.2 240
  1 270  47.5 125.83   1.15 31.0   1.44 11.6 240
  1 270  52.5 126.36   1.02 30.9   1.40 11.9 240
  1 270  57.5 126.77    .73 28.9   1.49 12.0 240
  1 270  62.5 126.90    .58 25.3   1.69 12.0 240
  1 270  67.5 126.15    .55 20.0   1.64 11.9 240
  1 270  72.5 124.44   1.35 15.4    .93 11.4 240
  1 270  77.5 122.34   3.24 14.6    .65 20.9 240
  1 270  82.5 119.78   4.76 14.9    .73 17.5 240
  1 270  87.5 118.11   4.30 15.2    .59 15.9 240
  1 300 -87.5 127.58    .12 27.5    .11 12.7 240
  1 300 -82.5 128.10    .27 31.3    .11 12.7 240
  1 300 -77.5 128.51    .75 11.5    .15 14.9 240
  1 300 -72.5 128.67   1.51 12.0    .27 18.3 240
  1 300 -67.5 128.51   2.19 12.3    .53 19.8 240
  1 300 -62.5 128.13   2.65 12.3    .85 20.0 240
  1 300 -57.5 127.58   2.85 12.4   1.04 19.8 240
  1 300 -52.5 126.91   2.80 12.5   1.17 19.4 240
  1 300 -47.5 126.18   2.58 12.7   1.28 19.2 240
  1 300 -42.5 125.44   2.22 13.0   1.32 19.4 240
  1 300 -37.5 124.72   1.83 13.3   1.29 20.0 240
  1 300 -32.5 123.96   1.49 13.5   1.28 20.8 240
  1 300 -27.5 123.24   1.24 13.5   1.33 21.5 240
  1 300 -22.5 122.48   1.13 13.5   1.38 22.0 240
  1 300 -17.5 121.79   1.09 13.6   1.37 22.2 240
  1 300 -12.5 121.15   1.03 14.1   1.34 22.4 240
  1 300  -7.5 120.59    .88 14.7   1.32 22.6 240
  1 300  -2.5 120.09    .65 16.2   1.36 22.9 240
  1 300   2.5 119.70    .52 19.1   1.48 11.2 240
  1 300   7.5 119.45    .67 21.8   1.61 11.4 240
  1 300  12.5 119.29    .91 23.1   1.75 11.3 240
  1 300  17.5 119.30   1.06 24.1   1.87 11.2 240
  1 300  22.5 119.36   1.20 25.1   1.87 11.1 240
  1 300  27.5 119.47   1.48 26.2   1.66 22.9 240
  1 300  32.5 119.54   1.94 26.8   1.25 22.6 240
  1 300  37.5 119.55   2.40 26.7    .92 21.8 240
  1 300  42.5 119.46   2.74 26.2   1.01 20.6 240
  1 300  47.5 119.18   2.95 25.5   1.42 19.8 240
  1 300  52.5 118.83   3.03 24.9   1.79 19.1 240
  1 300  57.5 118.61   3.08 24.3   2.17 18.4 240
  1 300  62.5 118.80   2.94 23.5   2.58 17.6 240
  1 300  67.5 119.37   2.40 22.4   2.64 17.1 240
  1 300  72.5 120.08   1.76 21.2   1.76 17.0 240
  1 300  77.5 120.87   1.21 21.2    .66 16.0 240
  1 300  82.5 121.48    .90 24.6    .18 17.0 240
  1 300  87.5 122.45   1.03 28.4    .13 19.1 240
  1 330 -87.5 123.98    .37 23.4    .43 12.4 240
  1 330 -82.5 124.18    .66 24.3    .39 12.4 240
  1 330 -77.5 124.32   1.24 25.3    .47 12.2 240
  1 330 -72.5 124.34   1.73 25.0    .77 11.6 240
  1 330 -67.5 124.25   2.05 24.0   1.10 11.1 240
  1 330 -62.5 123.87   2.17 23.0   1.39 22.7 240
  1 330 -57.5 123.39   2.06 22.3   1.73 22.5 240
  1 330 -52.5 122.89   1.68 21.9   2.12 22.3 240
  1 330 -47.5 122.40   1.12 21.6   2.45 22.3 240
  1 330 -42.5 122.02    .58 20.9   2.64 22.4 240
  1 330 -37.5 121.76    .27 17.4   2.77 22.5 240
  1 330 -32.5 121.53    .43 13.4   2.90 22.7 240
  1 330 -27.5 121.33    .89 12.2   3.07 22.8 240
  1 330 -22.5 121.08   1.46 11.9   3.28 23.0 240
  1 330 -17.5 120.79   2.10 11.8   3.43 11.1 240
  1 330 -12.5 120.49   2.72 11.6   3.52 11.3 240
  1 330  -7.5 120.24   3.23 11.6   3.61 11.4 240
  1 330  -2.5 120.14   3.48 11.5   3.87 11.5 240
  1 330   2.5 120.24   3.33 11.5   4.41 11.6 240
  1 330   7.5 120.51   2.79 11.6   5.08 11.5 240
  1 330  12.5 120.61   2.21 11.7   5.65 11.4 240
  1 330  17.5 120.52   1.92 11.8   5.81 11.3 240
  1 330  22.5 120.20   1.91 12.0   5.51 11.2 240
  1 330  27.5 120.05   1.85 12.1   4.94 11.1 240
  1 330  32.5 119.92   1.51 12.4   4.44 11.0 240
  1 330  37.5 119.82   1.04 13.5   4.11 22.9 240
  1 330  42.5 119.61    .68 15.7   3.96 22.7 240
  1 330  47.5 119.25    .51 18.6   3.83 22.5 240
  1 330  52.5 118.79    .45 23.0   3.50 22.4 240
  1 330  57.5 118.19    .78 27.4   2.94 22.2 240
  1 330  62.5 117.57   1.33 28.4   2.44 21.9 240
  1 330  67.5 116.91   1.81 26.9   2.21 21.7 240
  1 330  72.5 115.82   2.55 24.6   2.14 22.1 240
  1 330  77.5 114.59   2.87 22.1   1.89 22.9 240
  1 330  82.5 113.29   3.51 18.7    .92 12.3 240
  1 330  87.5 112.92   4.07 16.3    .17 13.2 240
  1 360 -87.5 123.82    .93 25.2    .08 13.4 240
  1 360 -82.5 123.43   1.77 25.2    .10 13.4 240
  1 360 -77.5 122.87   3.42 25.0    .24 14.5 240
  1 360 -72.5 122.40   4.41 24.9    .54 15.9 240
  1 360 -67.5 122.33   4.34 25.0    .78 15.7 240
  1 360 -62.5 122.18   3.72 25.0    .82 14.5 240
  1 360 -57.5 121.88   2.95 25.0    .95 12.9 240
  1 360 -52.5 121.38   2.12 25.1   1.33 11.7 240
  1 360 -47.5 120.65   1.25 25.1   1.74 11.2 240
  1 360 -42.5 119.98    .48 23.3   2.05 23.0 240
  1 360 -37.5 119.34    .38 18.2   2.27 22.9 240
  1 360 -32.5 118.75    .86 14.7   2.38 22.8 240
  1 360 -27.5 118.21   1.38 14.5   2.37 22.6 240
  1 360 -22.5 117.73   1.89 14.4   2.28 22.5 240
  1 360 -17.5 117.43   2.38 14.5   2.22 22.4 240
  1 360 -12.5 117.27   2.76 14.5   2.24 22.3 240
  1 360  -7.5 117.27   2.93 14.6   2.34 22.3 240
  1 360  -2.5 117.41   2.88 14.6   2.53 22.4 240
  1 360   2.5 117.66   2.67 14.5   2.74 22.7 240
  1 360   7.5 117.95   2.47 14.4   2.94 22.9 240
  1 360  12.5 118.21   2.29 14.5   3.20 11.1 240
  1 360  17.5 118.40   2.23 14.6   3.50 11.3 240
  1 360  22.5 118.54   2.35 14.8   3.85 11.4 240
  1 360  27.5 118.67   2.45 14.9   4.18 11.4 240
  1 360  32.5 118.84   2.38 15.1   4.39 11.4 240
  1 360  37.5 119.15   2.04 15.3   4.35 11.3 240
  1 360  42.5 119.57   1.62 15.9   4.05 11.3 240
  1 360  47.5 120.08   1.35 17.3   3.53 11.3 240
  1 360  52.5 120.66   1.44 19.4   2.87 11.3 240
  1 360  57.5 121.20   1.99 21.1   2.25 11.5 240
  1 360  62.5 121.68   2.76 21.9   1.72 11.6 240
  1 360  67.5 122.13   3.53 22.4   1.29 11.9 240
  1 360  72.5 122.69   4.04 22.8    .93 12.6 240
  1 360  77.5 123.74   3.86 23.2    .80 13.7 240
  1 360  82.5 124.91   2.79 23.5    .53 14.4 240
  1 360  87.5 125.70   1.37 23.7    .21 14.6 240
  2  30 -87.5 104.75   2.21 16.6    .14 13.8 240
  2  30 -82.5 105.89   3.24 16.7    .15 13.8 240
  2  30 -77.5 107.78   4.25 16.9    .77 13.9 240
  2  30 -72.5 109.71   3.70 17.7   1.78 13.4 240
  2  30 -67.5 111.39   3.13 18.9   2.44 12.3 240
  2  30 -62.5 112.33   2.82 19.2   2.66 11.5 240
  2  30 -57.5 112.78   2.15 18.0   2.45 11.1 240
  2  30 -52.5 113.27   1.57 15.7   2.29 22.8 240
  2  30 -47.5 113.94   1.40 13.6   2.51 22.6 240
  2  30 -42.5 114.67   1.38 12.4   2.95 22.6 240
  2  30 -37.5 115.25   1.32 12.0   3.34 22.7 240
  2  30 -32.5 115.57   1.33 12.1   3.58 22.8 240
  2  30 -27.5 115.68   1.46 12.3   3.73 23.0 240
  2  30 -22.5 115.67   1.63 12.5   3.77 11.1 240
  2  30 -17.5 115.66   1.81 12.7   3.69 11.1 240
  2  30 -12.5 115.71   1.91 12.8   3.50 11.1 240
  2  30  -7.5 115.84   1.91 12.9   3.27 11.2 240
  2  30  -2.5 115.97   1.83 13.0   3.02 11.3 240
  2  30   2.5 116.13   1.69 13.3   2.78 11.5 240
  2  30   7.5 116.28   1.61 13.7   2.56 11.9 240
  2  30  12.5 116.37   1.62 14.1   2.37 12.2 240
  2  30  17.5 116.42   1.76 14.5   2.20 12.4 240
  2  30  22.5 116.44   1.98 14.6   2.02 12.4 240
  2  30  27.5 116.53   2.16 14.6   1.90 12.4 240
  2  30  32.5 116.77   2.19 14.4   1.87 12.4 240
  2  30  37.5 117.23   2.03 14.3   1.90 12.5 240
  2  30  42.5 117.93   1.72 14.3   1.91 12.7 240
  2  30  47.5 118.82   1.26 14.4   1.89 13.1 240
  2  30  52.5 119.77    .69 15.0   1.91 13.6 240
  2  30  57.5 120.63    .36 18.6   2.00 14.1 240
  2  30  62.5 121.09    .46 21.5   1.98 14.3 240
  2  30  67.5 121.11    .66 20.3   1.62 14.4 240
  2  30  72.5 120.80    .79 18.1   1.02 14.3 240
  2  30  77.5 120.53    .89 16.3    .49 14.2 240
  2  30  82.5 120.47    .88 15.4    .16 11.4 240
  2  30  87.5 120.48    .63 15.2    .04 20.7 240
  2  60 -87.5 103.73    .59 15.2    .14 13.9 240
  2  60 -82.5 105.77   1.04 15.5    .15 13.9 240
  2  60 -77.5 108.47   1.68 16.0   1.19 13.8 240
  2  60 -72.5 109.93   1.87 16.4   2.11 13.3 240
  2  60 -67.5 110.71   1.82 16.5   1.72 11.8 240
  2  60 -62.5 111.60   1.60 16.4   1.71 21.9 240
  2  60 -57.5 112.45   1.16 15.1   2.11 20.9 240
  2  60 -52.5 113.05    .93 12.2   2.28 20.8 240
  2  60 -47.5 113.43   1.02 33.9   2.47 21.2 240
  2  60 -42.5 113.68    .97 33.5   2.92 21.9 240
  2  60 -37.5 113.84    .77 10.1   3.42 22.3 240
  2  60 -32.5 113.96    .71 11.0   3.71 22.6 240
  2  60 -27.5 114.02    .78 11.5   3.74 22.8 240
  2  60 -22.5 114.05    .86 11.5   3.57 22.9 240
  2  60 -17.5 114.06    .95 11.7   3.33 22.9 240
  2  60 -12.5 114.14   1.01 11.8   3.06 22.9 240
  2  60  -7.5 114.28   1.04 12.0   2.76 23.0 240
  2  60  -2.5 114.40   1.03 12.0   2.41 11.1 240
  2  60   2.5 114.56   1.02 12.1   2.04 11.4 240
  2  60   7.5 114.72   1.05 12.4   1.72 11.8 240
  2  60  12.5 114.84   1.16 12.9   1.50 12.3 240
  2  60  17.5 114.94   1.35 13.3   1.35 12.6 240
  2  60  22.5 115.11   1.52 13.4   1.29 12.7 240
  2  60  27.5 115.40   1.56 13.4   1.35 12.7 240
  2  60  32.5 115.85   1.45 13.1   1.48 12.8 240
  2  60  37.5 116.51   1.19 12.5   1.58 13.0 240
  2  60  42.5 117.33    .84 11.4   1.66 13.3 240
  2  60  47.5 118.18    .53 33.5   1.78 13.6 240
  2  60  52.5 118.87    .30 31.3   1.85 13.7 240
  2  60  57.5 119.43    .14 11.8   1.79 13.6 240
  2  60  62.5 119.88    .23 16.9   1.57 13.5 240
  2  60  67.5 120.29    .43 16.2   1.23 13.4 240
  2  60  72.5 120.59    .51 15.3    .87 13.5 240
  2  60  77.5 120.82    .53 14.3    .54 13.5 240
  2  60  82.5 121.05    .52 13.6    .20 11.1 240
  2  60  87.5 121.19    .37 13.9    .04 20.7 240
  2  90 -87.5 102.12    .53 14.4    .01 19.2 240
  2  90 -82.5 104.35   1.11 14.4    .01 19.2 240
  2  90 -77.5 107.75   2.07 14.3    .77 16.7 240
  2  90 -72.5 110.79   2.37 13.9   1.67 13.9 240
  2  90 -67.5 113.21   2.02 13.7   1.55 13.1 240
  2  90 -62.5 114.92   1.49 14.0   1.26 11.6 240
  2  90 -57.5 115.68   1.05 13.5   1.37 22.2 240
  2  90 -52.5 115.74   1.02 10.9   1.62 21.8 240
  2  90 -47.5 115.48   1.48 32.2   1.66 21.7 240
  2  90 -42.5 115.19   1.99 31.2   1.50 21.4 240
  2  90 -37.5 114.82   2.21 30.8   1.21 20.8 240
  2  90 -32.5 114.46   2.15 30.7    .93 20.0 240
  2  90 -27.5 114.13   1.94 30.5    .64 19.1 240
  2  90 -22.5 113.78   1.61 30.2    .33 17.7 240
  2  90 -17.5 113.49   1.24 30.0    .23 15.0 240
  2  90 -12.5 113.27    .89 30.2    .37 12.7 240
  2  90  -7.5 113.17    .65 31.2    .52 11.8 240
  2  90  -2.5 113.20    .60 33.1    .56 11.2 240
  2  90   2.5 113.25    .78 10.9    .49 22.6 240
  2  90   7.5 113.32   1.17 11.8    .31 21.5 240
  2  90  12.5 113.52   1.58 12.1    .24 19.5 240
  2  90  17.5 113.90   1.84 12.3    .38 17.8 240
  2  90  22.5 114.42   1.97 12.3    .50 17.4 240
  2  90  27.5 115.06   2.04 12.4    .43 17.6 240
  2  90  32.5 115.73   2.14 12.4    .34 19.3 240
  2  90  37.5 116.40   2.32 12.4    .59 21.1 240
  2  90  42.5 117.15   2.56 12.3   1.12 21.8 240
  2  90  47.5 117.84   2.78 12.2   1.61 22.0 240
  2  90  52.5 118.55   2.91 12.0   1.86 22.1 240
  2  90  57.5 119.27   2.87 11.6   1.78 22.0 240
  2  90  62.5 119.94   2.68 11.0   1.35 21.6 240
  2  90  67.5 120.45   2.33 10.2    .79 20.8 240
  2  90  72.5 120.69   1.85 33.5    .43 19.3 240
  2  90  77.5 120.73   1.28 32.9    .29 17.6 240
  2  90  82.5 120.64    .73 32.2    .14 15.0 240
  2  90  87.5 120.45    .30 30.6    .02 13.2 240
  2 120 -87.5 104.95   2.48 18.3    .12 22.5 240
  2 120 -82.5 107.96   3.22 18.2    .10 22.5 240
  2 120 -77.5 110.36   3.70 18.6    .64 21.7 240
  2 120 -72.5 111.24   3.25 20.2   1.48 21.0 240
  2 120 -67.5 111.64   2.73 21.8   1.80 21.1 240
  2 120 -62.5 111.98   1.83 23.3   1.71 20.7 240
  2 120 -57.5 112.44   1.19 26.2   1.40 20.1 240
  2 120 -52.5 112.89   1.20 28.5   1.01 20.0 240
  2 120 -47.5 113.25   1.15 28.8    .81 21.1 240
  2 120 -42.5 113.52    .81 28.2   1.07 22.4 240
  2 120 -37.5 113.69    .45 26.5   1.67 23.0 240
  2 120 -32.5 113.75    .22 22.1   2.29 11.1 240
  2 120 -27.5 113.79    .24 17.0   2.80 11.1 240
  2 120 -22.5 113.78    .39 14.5   3.14 11.2 240
  2 120 -17.5 113.77    .50 13.9   3.33 11.3 240
  2 120 -12.5 113.78    .58 14.3   3.46 11.5 240
  2 120  -7.5 113.88    .69 14.8   3.57 11.6 240
  2 120  -2.5 113.98    .82 14.8   3.55 11.8 240
  2 120   2.5 114.15    .93 14.2   3.37 11.9 240
  2 120   7.5 114.29   1.03 13.2   3.10 12.1 240
  2 120  12.5 114.48   1.14 12.3   2.77 12.1 240
  2 120  17.5 114.70   1.26 11.5   2.42 12.2 240
  2 120  22.5 115.03   1.37 10.9   2.12 12.2 240
  2 120  27.5 115.51   1.45 10.3   1.88 12.3 240
  2 120  32.5 116.12   1.44 33.8   1.71 12.5 240
  2 120  37.5 116.82   1.37 33.5   1.60 12.8 240
  2 120  42.5 117.56   1.23 33.2   1.56 13.2 240
  2 120  47.5 118.30   1.08 33.0   1.53 13.6 240
  2 120  52.5 118.98    .99 32.8   1.43 13.9 240
  2 120  57.5 119.65   1.04 32.6   1.20 14.4 240
  2 120  62.5 120.26   1.29 32.3    .94 15.4 240
  2 120  67.5 120.82   1.65 31.8    .94 16.8 240
  2 120  72.5 121.23   1.93 31.4   1.13 17.8 240
  2 120  77.5 121.49   1.85 31.2   1.04 18.0 240
  2 120  82.5 121.67   1.32 31.4    .45 19.0 240
  2 120  87.5 121.72    .62 32.6    .07 20.0 240
  2 150 -87.5 107.31   3.10 17.6    .07 15.0 240
  2 150 -82.5 108.74   4.00 17.4    .05 15.0 240
  2 150 -77.5 110.43   4.30 17.2    .76 13.2 240
  2 150 -72.5 111.93   2.85 18.0   2.02 11.4 240
  2 150 -67.5 113.13   1.62 19.6   2.67 11.2 240
  2 150 -62.5 113.58    .68 19.8   2.54 11.1 240
  2 150 -57.5 113.76    .54 14.3   2.21 11.1 240
  2 150 -52.5 113.99   1.27 33.4   2.19 11.1 240
  2 150 -47.5 114.13   1.66 33.7   2.39 22.9 240
  2 150 -42.5 114.24   1.77 10.3   2.56 22.7 240
  2 150 -37.5 114.26   1.82 10.9   2.62 22.7 240
  2 150 -32.5 114.25   1.89 11.3   2.55 22.7 240
  2 150 -27.5 114.26   1.99 11.6   2.42 22.7 240
  2 150 -22.5 114.26   2.06 11.7   2.38 22.8 240
  2 150 -17.5 114.30   2.12 11.7   2.44 22.8 240
  2 150 -12.5 114.40   2.11 11.8   2.56 22.7 240
  2 150  -7.5 114.64   2.03 12.0   2.72 22.5 240
  2 150  -2.5 115.01   1.77 12.2   2.79 22.5 240
  2 150   2.5 115.46   1.31 12.9   2.83 22.6 240
  2 150   7.5 115.97    .96 15.4   3.08 23.0 240
  2 150  12.5 116.50   1.17 18.3   3.69 11.4 240
  2 150  17.5 116.81   1.77 19.3   4.41 11.5 240
  2 150  22.5 116.73   2.33 18.7   4.73 11.5 240
  2 150  27.5 116.39   2.92 17.4   4.34 11.3 240
  2 150  32.5 116.30   3.72 16.1   3.51 23.0 240
  2 150  37.5 116.81   4.36 15.6   2.73 22.6 240
  2 150  42.5 117.62   4.52 15.7   2.17 22.3 240
  2 150  47.5 118.45   4.43 16.1   1.70 22.1 240
  2 150  52.5 119.12   4.28 16.4   1.27 21.9 240
  2 150  57.5 119.63   4.05 16.8    .84 21.8 240
  2 150  62.5 120.02   3.73 17.0    .46 22.1 240
  2 150  67.5 120.38   3.35 17.1    .25 11.6 240
  2 150  72.5 120.71   2.89 17.2    .28 13.5 240
  2 150  77.5 120.99   2.29 17.4    .36 14.6 240
  2 150  82.5 121.10   1.55 18.0    .23 17.1 240
  2 150  87.5 121.01    .77 19.2    .08 19.2 240
  2 180 -87.5 124.39    .73 26.7    .22 17.2 240
  2 180 -82.5 123.24   1.48 26.4    .19 17.2 240
  2 180 -77.5 121.85   2.87 26.0    .17 18.7 240
  2 180 -72.5 120.48   3.57 25.6    .38 20.9 240
  2 180 -67.5 119.64   3.17 25.2    .73 22.1 240
  2 180 -62.5 119.03   2.07 25.2   1.13 22.6 240
  2 180 -57.5 118.64    .97 27.1   1.72 22.6 240
  2 180 -52.5 118.47    .66 31.3   2.40 22.5 240
  2 180 -47.5 118.27   1.02 10.6   2.97 22.5 240
  2 180 -42.5 118.06   1.36 11.8   3.39 22.5 240
  2 180 -37.5 117.88   1.65 12.6   3.72 22.6 240
  2 180 -32.5 117.67   1.94 13.2   4.01 22.6 240
  2 180 -27.5 117.54   2.23 13.4   4.24 22.5 240
  2 180 -22.5 117.38   2.57 13.3   4.44 22.5 240
  2 180 -17.5 117.18   2.94 13.1   4.59 22.5 240
  2 180 -12.5 117.00   3.32 13.1   4.72 22.6 240
  2 180  -7.5 116.92   3.62 13.2   4.89 22.7 240
  2 180  -2.5 116.98   3.76 13.5   5.18 22.9 240
  2 180   2.5 117.23   3.72 14.0   5.62 11.0 240
  2 180   7.5 117.66   3.54 14.7   6.22 11.1 240
  2 180  12.5 118.20   3.31 15.4   6.89 11.2 240
  2 180  17.5 118.61   3.15 16.0   7.39 11.2 240
  2 180  22.5 118.77   3.08 16.2   7.45 11.3 240
  2 180  27.5 118.86   2.98 16.1   7.06 11.3 240
  2 180  32.5 118.98   2.71 16.3   6.42 11.3 240
  2 180  37.5 119.26   2.22 17.0   5.77 11.3 240
  2 180  42.5 119.49   1.69 18.6   5.15 11.4 240
  2 180  47.5 119.61   1.49 20.9   4.44 11.6 240
  2 180  52.5 119.66   1.77 22.8   3.62 11.8 240
  2 180  57.5 119.65   2.39 24.0   2.86 12.1 240
  2 180  62.5 119.56   3.10 24.7   2.38 12.7 240
  2 180  67.5 119.29   3.64 25.1   2.39 13.5 240
  2 180  72.5 119.00   3.82 25.1   2.64 14.2 240
  2 180  77.5 118.62   3.60 24.8   2.46 14.5 240
  2 180  82.5 117.46   3.12 24.5   1.19 16.1 240
  2 180  87.5 115.75   2.30 24.7    .25 17.6 240
  2 210 -87.5 137.37    .29 11.3    .66 11.1 240
  2 210 -82.5 137.27    .77 10.6    .50 11.1 240
  2 210 -77.5 136.81   1.70 33.6    .43 12.7 240
  2 210 -72.5 136.26   2.40 33.4    .72 14.4 240
  2 210 -67.5 135.58   2.67 33.8   1.13 14.7 240
  2 210 -62.5 134.90   2.64 10.3   1.62 15.1 240
  2 210 -57.5 134.20   2.55 10.7   2.11 15.5 240
  2 210 -52.5 133.45   2.53 10.9   2.38 15.7 240
  2 210 -47.5 132.46   2.50 11.0   2.38 15.8 240
  2 210 -42.5 131.42   2.39 11.1   2.18 15.7 240
  2 210 -37.5 130.30   2.20 11.1   1.92 15.6 240
  2 210 -32.5 129.31   1.99 10.9   1.64 15.2 240
  2 210 -27.5 128.53   1.91 10.5   1.49 14.5 240
  2 210 -22.5 128.00   1.96 10.3   1.66 13.8 240
  2 210 -17.5 127.57   2.12 10.5   2.02 13.3 240
  2 210 -12.5 127.25   2.29 10.8   2.43 13.0 240
  2 210  -7.5 127.00   2.37 11.2   2.78 12.8 240
  2 210  -2.5 126.83   2.35 11.6   3.01 12.6 240
  2 210   2.5 126.82   2.18 12.1   3.16 12.5 240
  2 210   7.5 127.04   1.77 12.8   3.19 12.5 240
  2 210  12.5 127.58   1.21 14.2   3.08 12.6 240
  2 210  17.5 128.11    .81 18.0   2.97 12.8 240
  2 210  22.5 128.55   1.08 22.3   3.02 13.0 240
  2 210  27.5 128.77   1.95 24.3   3.17 13.2 240
  2 210  32.5 129.14   2.57 25.0   3.13 13.3 240
  2 210  37.5 129.65   2.76 25.3   2.70 13.1 240
  2 210  42.5 129.82   2.92 25.8   1.78 12.5 240
  2 210  47.5 129.79   3.19 26.0   1.04 22.4 240
  2 210  52.5 129.89   3.31 25.2   1.51 20.0 240
  2 210  57.5 129.76   2.89 23.5   2.06 19.3 240
  2 210  62.5 129.59   1.99 20.5   1.32 19.4 240
  2 210  67.5 129.24   1.53 16.8    .70 22.2 240
  2 210  72.5 129.52   1.44 14.4    .70 12.5 240
  2 210  77.5 130.76    .72 16.4    .63 22.2 240
  2 210  82.5 131.25    .93 21.2    .39 20.1 240
  2 210  87.5 130.90   1.90 23.8    .12 19.9 240
  2 240 -87.5 136.51    .72 20.5    .35 19.9 240
  2 240 -82.5 136.10    .91 20.2    .30 19.9 240
  2 240 -77.5 135.59    .94 18.9    .31 18.7 240
  2 240 -72.5 135.09   1.08 15.4    .47 16.8 240
  2 240 -67.5 134.79   2.13 12.4    .75 15.7 240
  2 240 -62.5 134.57   3.42 11.8   1.13 15.1 240
  2 240 -57.5 134.51   4.25 11.6   1.52 15.0 240
  2 240 -52.5 134.38   4.50 11.4   1.79 15.1 240
  2 240 -47.5 134.13   4.28 11.3   1.88 15.5 240
  2 240 -42.5 133.71   3.86 11.2   1.85 16.0 240
  2 240 -37.5 133.04   3.45 10.9   1.63 16.4 240
  2 240 -32.5 132.30   3.19 10.4   1.26 16.6 240
  2 240 -27.5 131.50   3.13 33.9    .90 16.5 240
  2 240 -22.5 130.67   3.15 33.5    .71 15.8 240
  2 240 -17.5 129.93   3.18 33.3    .80 15.0 240
  2 240 -12.5 129.11   3.20 33.1   1.01 14.6 240
  2 240  -7.5 128.34   3.14 32.8   1.18 14.6 240
  2 240  -2.5 127.70   3.09 32.6   1.27 14.7 240
  2 240   2.5 127.24   3.03 32.3   1.28 15.0 240
  2 240   7.5 126.92   2.87 32.1   1.20 15.2 240
  2 240  12.5 126.84   2.64 31.6    .87 15.6 240
  2 240  17.5 126.86   2.39 30.9    .37 16.7 240
  2 240  22.5 127.09   2.05 30.2    .36 19.8 240
  2 240  27.5 127.63   1.53 29.5    .90 22.1 240
  2 240  32.5 128.31   1.06 28.5   1.34 22.4 240
  2 240  37.5 129.11   1.00 27.1   1.38 22.8 240
  2 240  42.5 130.00   1.19 26.4    .92 11.2 240
  2 240  47.5 130.74   1.43 26.3    .38 21.6 240
  2 240  52.5 131.18   1.75 26.1    .46 19.9 240
  2 240  57.5 131.17   1.95 26.4    .86 20.2 240
  2 240  62.5 131.17   1.99 26.9   1.32 20.7 240
  2 240  67.5 131.22   1.86 27.0   2.06 20.9 240
  2 240  72.5 131.42   1.55 27.0   2.82 21.0 240
  2 240  77.5 131.73    .87 23.6   2.82 21.0 240
  2 240  82.5 130.77   1.16 18.6   1.57 19.1 240
  2 240  87.5 128.36   1.96 17.4    .76 17.2 240
  2 270 -87.5 133.62    .72 15.2    .29 19.3 240
  2 270 -82.5 133.58   1.16 15.1    .26 19.3 240
  2 270 -77.5 133.41   1.78 15.0    .26 18.6 240
  2 270 -72.5 133.08   2.04 14.7    .42 17.8 240
  2 270 -67.5 132.67   2.32 13.8    .69 17.7 240
  2 270 -62.5 132.15   2.71 12.9    .98 17.6 240
  2 270 -57.5 131.69   3.14 12.3   1.33 17.4 240
  2 270 -52.5 131.25   3.52 11.8   1.64 17.2 240
  2 270 -47.5 130.69   3.73 11.4   1.85 17.1 240
  2 270 -42.5 130.03   3.71 11.1   1.90 17.1 240
  2 270 -37.5 129.18   3.46 10.9   1.72 17.1 240
  2 270 -32.5 128.21   3.05 10.8   1.43 16.9 240
  2 270 -27.5 127.14   2.70 10.8   1.19 16.3 240
  2 270 -22.5 126.09   2.52 11.0   1.19 15.6 240
  2 270 -17.5 125.21   2.40 11.3   1.36 15.0 240
  2 270 -12.5 124.41   2.27 11.5   1.53 14.8 240
  2 270  -7.5 123.64   2.13 11.7   1.64 14.7 240
  2 270  -2.5 123.06   1.95 12.1   1.61 14.8 240
  2 270   2.5 122.52   1.73 12.6   1.41 14.9 240
  2 270   7.5 122.13   1.49 13.3   1.08 15.0 240
  2 270  12.5 122.01   1.28 14.6    .61 14.8 240
  2 270  17.5 122.09   1.31 16.4    .36 12.6 240
  2 270  22.5 122.39   1.54 17.8    .66 22.6 240
  2 270  27.5 122.95   1.62 18.8   1.01 22.6 240
  2 270  32.5 123.66   1.47 20.3   1.03 11.3 240
  2 270  37.5 124.35   1.58 22.7    .97 12.7 240
  2 270  42.5 124.76   2.30 24.6   1.29 14.3 240
  2 270  47.5 124.76   3.19 25.4   1.77 15.4 240
  2 270  52.5 124.42   3.65 25.6   2.00 16.1 240
  2 270  57.5 123.92   3.19 25.7   2.26 16.9 240
  2 270  62.5 124.01   1.80 26.8   2.40 17.4 240
  2 270  67.5 125.01   1.03 32.5   1.78 17.8 240
  2 270  72.5 126.86   1.87 14.3    .91 19.3 240
  2 270  77.5 127.92   3.16 16.3    .65 21.0 240
  2 270  82.5 126.34   3.52 17.7    .41 11.5 240
  2 270  87.5 123.85   2.31 19.1    .17 13.6 240
  2 300 -87.5 129.54    .28 27.7    .03 19.5 240
  2 300 -82.5 129.62    .32 28.5    .05 19.5 240
  2 300 -77.5 129.50    .39 31.4    .20 19.5 240
  2 300 -72.5 129.25    .60 10.7    .50 20.2 240
  2 300 -67.5 128.91   1.00 12.5    .85 21.2 240
  2 300 -62.5 128.53   1.43 13.1   1.15 21.5 240
  2 300 -57.5 128.09   1.83 13.3   1.23 21.8 240
  2 300 -52.5 127.49   2.12 13.4   1.11 21.9 240
  2 300 -47.5 126.73   2.28 13.4    .92 21.7 240
  2 300 -42.5 125.89   2.27 13.5    .80 21.5 240
  2 300 -37.5 125.08   2.08 13.7    .84 21.4 240
  2 300 -32.5 124.28   1.76 13.9   1.03 21.7 240
  2 300 -27.5 123.54   1.41 14.2   1.32 22.0 240
  2 300 -22.5 122.80   1.18 14.3   1.60 22.2 240
  2 300 -17.5 122.07   1.01 14.1   1.74 22.3 240
  2 300 -12.5 121.29    .88 13.9   1.75 22.3 240
  2 300  -7.5 120.56    .76 14.4   1.69 22.3 240
  2 300  -2.5 119.93    .65 15.8   1.65 22.4 240
  2 300   2.5 119.53    .64 17.8   1.67 22.5 240
  2 300   7.5 119.34    .76 19.5   1.74 22.5 240
  2 300  12.5 119.30    .88 20.6   1.84 22.6 240
  2 300  17.5 119.40   1.00 21.6   1.92 22.6 240
  2 300  22.5 119.54   1.11 22.7   1.91 22.6 240
  2 300  27.5 119.72   1.36 24.1   1.73 22.4 240
  2 300  32.5 119.84   1.82 25.4   1.41 22.0 240
  2 300  37.5 119.90   2.32 26.1   1.21 21.2 240
  2 300  42.5 119.78   2.66 26.2   1.41 20.2 240
  2 300  47.5 119.45   2.78 26.0   1.76 19.6 240
  2 300  52.5 119.05   2.74 25.5   1.93 19.1 240
  2 300  57.5 118.84   2.69 24.7   1.91 18.3 240
  2 300  62.5 119.25   2.75 23.7   1.78 17.5 240
  2 300  67.5 120.27   2.61 22.8   1.49 17.0 240
  2 300  72.5 121.47   2.18 22.8   1.00 16.6 240
  2 300  77.5 122.26   1.96 23.6    .56 15.7 240
  2 300  82.5 121.85   1.87 24.7    .30 13.9 240
  2 300  87.5 121.20   1.35 25.9    .26 12.9 240
  2 330 -87.5 123.68    .67 25.5    .08 21.5 240
  2 330 -82.5 123.93    .95 25.5    .10 21.5 240
  2 330 -77.5 124.06   1.51 25.4    .39 22.8 240
  2 330 -72.5 124.01   2.11 25.2    .83 11.8 240
  2 330 -67.5 123.94   2.56 25.1   1.10 11.2 240
  2 330 -62.5 123.77   2.66 25.1   1.42 22.6 240
  2 330 -57.5 123.63   2.49 25.2   1.87 22.3 240
  2 330 -52.5 123.44   2.12 25.3   2.42 22.1 240
  2 330 -47.5 123.19   1.68 25.5   2.95 22.0 240
  2 330 -42.5 122.72   1.21 26.1   3.36 22.1 240
  2 330 -37.5 122.15    .78 27.9   3.65 22.2 240
  2 330 -32.5 121.49    .73 31.2   3.90 22.5 240
  2 330 -27.5 120.97   1.13 10.1   4.18 22.7 240
  2 330 -22.5 120.55   1.82 11.3   4.46 22.9 240
  2 330 -17.5 120.34   2.60 11.9   4.68 11.0 240
  2 330 -12.5 120.29   3.28 12.2   4.83 11.1 240
  2 330  -7.5 120.46   3.59 12.3   4.95 11.3 240
  2 330  -2.5 120.88   3.35 12.4   5.21 11.5 240
  2 330   2.5 121.16   2.89 12.5   5.53 11.8 240
  2 330   7.5 121.23   2.57 12.6   5.74 11.9 240
  2 330  12.5 121.06   2.40 12.6   5.79 11.9 240
  2 330  17.5 120.84   2.22 12.5   5.68 11.8 240
  2 330  22.5 120.68   1.99 12.1   5.49 11.7 240
  2 330  27.5 120.66   1.66 11.3   5.33 11.6 240
  2 330  32.5 120.65   1.30 33.5   5.15 11.5 240
  2 330  37.5 120.62   1.29 31.1   4.79 11.4 240
  2 330  42.5 120.48   1.69 29.4   4.26 11.3 240
  2 330  47.5 120.16   2.13 28.7   3.79 11.3 240
  2 330  52.5 119.65   2.42 28.3   3.55 11.3 240
  2 330  57.5 118.57   2.47 27.8   3.43 11.2 240
  2 330  62.5 117.32   2.41 26.4   3.38 11.1 240
  2 330  67.5 115.80   2.88 24.3   3.43 11.1 240
  2 330  72.5 113.94   4.13 22.5   3.37 11.3 240
  2 330  77.5 112.14   5.22 21.1   2.77 11.6 240
  2 330  82.5 110.22   5.85 19.5   1.24 13.1 240
  2 330  87.5 108.75   5.04 18.6    .18 14.4 240
  2 360 -87.5 122.63   1.15 23.9    .35 18.0 240
  2 360 -82.5 122.15   1.96 24.0    .29 18.0 240
  2 360 -77.5 121.59   3.22 23.9    .59 20.9 240
  2 360 -72.5 121.14   3.62 23.5    .96 11.9 240
  2 360 -67.5 121.05   3.24 23.2    .95 12.3 240
  2 360 -62.5 121.03   2.71 23.4    .93 13.2 240
  2 360 -57.5 121.12   2.50 24.0    .94 14.0 240
  2 360 -52.5 121.08   2.41 24.4    .85 14.4 240
  2 360 -47.5 120.71   2.13 24.4    .64 14.4 240
  2 360 -42.5 120.20   1.61 23.6    .37 13.5 240
  2 360 -37.5 119.58   1.11 21.9    .35 11.2 240
  2 360 -32.5 119.07    .99 19.2    .77 21.6 240
  2 360 -27.5 118.58   1.28 17.0   1.30 21.3 240
  2 360 -22.5 118.13   1.68 15.8   1.75 21.1 240
  2 360 -17.5 117.72   2.04 15.2   2.10 21.1 240
  2 360 -12.5 117.41   2.30 14.9   2.36 21.1 240
  2 360  -7.5 117.29   2.46 14.7   2.56 21.2 240
  2 360  -2.5 117.28   2.52 14.4   2.62 21.2 240
  2 360   2.5 117.37   2.53 14.1   2.58 21.4 240
  2 360   7.5 117.52   2.62 13.7   2.51 21.6 240
  2 360  12.5 117.65   2.65 13.5   2.51 21.9 240
  2 360  17.5 117.81   2.63 13.5   2.64 22.2 240
  2 360  22.5 118.01   2.64 13.6   2.91 22.5 240
  2 360  27.5 118.24   2.62 13.8   3.24 22.7 240
  2 360  32.5 118.54   2.46 14.0   3.51 22.8 240
  2 360  37.5 118.94   2.02 14.2   3.60 22.8 240
  2 360  42.5 119.44   1.41 14.7   3.50 22.8 240
  2 360  47.5 119.95    .83 16.9   3.25 22.8 240
  2 360  52.5 120.47    .80 20.6   2.83 22.9 240
  2 360  57.5 120.89   1.42 23.0   2.27 11.1 240
  2 360  62.5 121.30   2.24 23.5   1.61 11.4 240
  2 360  67.5 121.71   3.10 23.6    .94 12.4 240
  2 360  72.5 122.42   3.66 23.7    .64 14.2 240
  2 360  77.5 123.71   3.21 23.9    .59 15.3 240
  2 360  82.5 124.71   1.82 24.4    .35 13.2 240
  2 360  87.5 124.93    .64 24.9    .21 11.2 240
